1774081006448 41.25199890136719 1
1774081450953 58.18199920654297 2
1774081895532 64.55999755859375 3
1774082340690 69.95199584960938 4
1774082784862 73.06999969482422 5
1774083232078 75.50999450683594 6
1774083675932 77.77799987792969 7
1774084121513 79.19400024414062 8
1774084566149 80.71199798583984 9
1774085010259 81.76399993896484 10
1774085455154 83.16999816894531 11
1774085900334 83.7959976196289 12
1774086345787 84.5999984741211 13
1774086790489 85.11000061035156 14
1774087238138 85.88600158691406 15
1774087682508 86.4739990234375 16
1774088128460 87.18799591064453 17
1774088573646 87.5739974975586 18
1774089018252 87.87199401855469 19
1774089463086 88.2959976196289 20
1774089907717 88.64799499511719 21
1774090353453 89.13800048828125 22
1774090798216 89.43599700927734 23
1774091245361 89.95800018310547 24
1774091688914 90.32799530029297 25
1774092134549 90.40599822998047 26
1774092579331 91.05799865722656 27
1774093023405 91.13199615478516 28
1774093468117 91.13399505615234 29
1774093912577 91.63599395751953 30
1774094358220 91.60199737548828 31
1774094802274 91.96199798583984 32
1774095249623 93.38399505615234 33
1774095693574 93.89599609375 34
1774096139687 94.08200073242188 35
1774096584325 94.27999877929688 36
1774097028770 94.33999633789062 37
1774097473425 94.45199584960938 38
1774097918300 94.49199676513672 39
1774098363541 94.57599639892578 40
1774098807751 94.64399719238281 41
1774099254667 94.8740005493164 42
1774099698243 94.99800109863281 43
1774100144196 95.03399658203125 44
1774100588931 95.19200134277344 45
1774101033218 95.23600006103516 46
1774101477929 95.1780014038086 47
1774101922487 95.28799438476562 48
1774102367587 95.30999755859375 49
1774102811160 95.97599792480469 50
1774103258937 96.20399475097656 51
1774103702789 96.35199737548828 52
1774104149191 96.25199890136719 53
1774104593803 96.39999389648438 54
1774105038231 96.45199584960938 55
1774105483415 96.40599822998047 56
1774105927934 96.65999603271484 57
1774106373544 96.8239974975586 58
1774106817684 96.97200012207031 59
1774107264686 96.80400085449219 60
1774107708630 96.80599975585938 61
1774108154231 97.00799560546875 62
1774108598922 96.96199798583984 63
1774109043369 97.08599853515625 64
1774109488155 97.07599639892578 65
1774109933096 97.13199615478516 66
1774110378185 97.13599395751953 67
1774110821900 97.04399871826172 68
1774111269302 97.25999450683594 69
1774111712987 97.15399932861328 70
1774112158440 97.33999633789062 71
1774112602887 97.27999877929688 72
1774113047192 97.2459945678711 73
1774113491920 97.20999908447266 74
1774113936910 97.22000122070312 75
1774114382226 97.17799377441406 76
1774114826287 97.20999908447266 77
1774115273314 97.41199493408203 78
1774115716994 97.3239974975586 79
1774116162071 97.45399475097656 80
1774116606594 97.3699951171875 81
1774117051051 97.36199951171875 82
1774117495643 97.40999603271484 83
1774117940339 97.48799896240234 84
1774118386659 97.39199829101562 85
1774118830744 97.39199829101562 86
1774119277922 97.41399383544922 87
1774119721816 97.43999481201172 88
1774120167041 97.3499984741211 89
1774120611671 97.39999389648438 90
1774121055834 97.49800109863281 91
1774121500496 97.37199401855469 92
1774121945168 97.39999389648438 93
1774122390875 97.47799682617188 94
1774122834291 97.5479965209961 95
1774123281853 97.30599975585938 96
1774123726134 97.47000122070312 97
1774124171373 97.35799407958984 98
1774124615953 97.48600006103516 99
1774125060632 97.49800109863281 100
1774125505368 97.5719985961914 101
1774125949801 97.47599792480469 102
1774126395277 97.52999877929688 103
1774126838580 97.5999984741211 104
1774127285398 97.50799560546875 105
1774127729028 97.53799438476562 106
1774128174087 97.50599670410156 107
1774128618274 97.39599609375 108
1774129062289 97.51599884033203 109
1774129506480 97.60399627685547 110
1774129950608 97.48600006103516 111
1774130396352 97.56599426269531 112
1774130839767 97.5459976196289 113
1774131286853 97.43799591064453 114
1774131730733 97.4219970703125 115
1774132175271 97.54399871826172 116
1774132619475 97.47999572753906 117
1774133063625 97.34600067138672 118
1774133507768 97.44200134277344 119
1774133952325 97.50999450683594 120
1774134398204 97.52799987792969 121
1774134841342 97.5479965209961 122
1774135288447 97.50399780273438 123
1774135732576 97.5739974975586 124
1774136177175 97.46599578857422 125
1774136621885 97.64199829101562 126
1774137066210 97.54399871826172 127
1774137510463 97.5219955444336 128
1774137954300 97.50199890136719 129
1774138400076 97.40999603271484 130
1774138843239 97.44400024414062 131
1774139290118 97.43399810791016 132
1774139734109 97.53199768066406 133
1774140178854 97.36399841308594 134
1774140623183 97.44599914550781 135
1774141067437 97.64799499511719 136
1774141511754 97.42399597167969 137
1774141955766 97.39799499511719 138
1774142401685 97.41199493408203 139
1774142844617 97.5459976196289 140
1774143291766 97.40599822998047 141
1774143736271 97.46199798583984 142
1774144180917 97.40599822998047 143
1774144625152 97.61000061035156 144
1774145069713 97.39599609375 145
1774145514120 97.58799743652344 146
1774145958520 97.5219955444336 147
1774146404420 97.42399597167969 148
1774146847232 97.4219970703125 149
1774147293974 97.4939956665039 150
1774147737940 97.55599975585938 151
1774148182128 97.56599426269531 152
1774148626473 97.55799865722656 153
1774149070761 97.52799987792969 154
1774149515073 97.50799560546875 155
1774149917384 97.47799682617188 156
1774150250447 97.58999633789062 157
1774150581389 97.4020004272461 158
1774150916143 97.52399444580078 159
1774151248027 97.65799713134766 160
1774151580240 97.48400115966797 161
1774151912025 97.57799530029297 162
1774152244147 97.4739990234375 163
1774152575602 97.40799713134766 164
1774152907848 97.4939956665039 165
1774153242859 97.43199920654297 166
1774153573839 97.53199768066406 167
1774153907477 97.47599792480469 168
1774154239532 97.43599700927734 169
1774154571711 97.45800018310547 170
1774154903960 97.51399993896484 171
1774155236551 97.4959945678711 172
1774155568895 97.55999755859375 173
1774155901240 97.56999969482422 174
1774156235335 97.43599700927734 175
1774156565654 97.41600036621094 176
1774156899746 97.43799591064453 177
1774157231658 97.4219970703125 178
1774157563090 97.55999755859375 179
1774157894902 97.52799987792969 180
1774158226396 97.63199615478516 181
1774158557832 97.5459976196289 182
1774158888999 97.58799743652344 183
1774159222258 97.47599792480469 184
1774159550539 97.52799987792969 185
1774159883664 97.53799438476562 186
1774160214172 97.42599487304688 187
1774160544109 97.593994140625 188
1774160874289 97.48400115966797 189
1774161204646 97.50799560546875 190
1774161535362 97.5479965209961 191
1774161865456 97.43799591064453 192
1774162198191 97.57999420166016 193
1774162526474 97.57799530029297 194
1774162859574 97.61599731445312 195
1774163189975 97.5219955444336 196
1774163520356 97.47200012207031 197
1774163851027 97.49800109863281 198
1774164181553 97.56199645996094 199
1774164512028 97.5459976196289 200
