1774081043218 55.65999984741211 0
1774081487501 66.19999694824219 0
1774081932322 70.58000183105469 0
1774082377071 72.16999816894531 0
1774082821580 78.7699966430664 0
1774083268217 79.66999816894531 0
1774083711885 81.3699951171875 0
1774084158235 82.41999816894531 0
1774084602552 82.41999816894531 0
1774085046966 83.97999572753906 0
1774085491958 85.54000091552734 0
1774085937137 86.43999481201172 0
1774086382456 86.43999481201172 0
1774086827364 86.43999481201172 0
1774087274229 87.45999908447266 0
1774087718560 87.45999908447266 0
1774088165302 87.45999908447266 0
1774088610397 87.52999877929688 0
1774089055057 88.5 0
1774089499888 88.5 0
1774089944579 88.5 0
1774090390017 88.5 0
1774090834896 88.5 0
1774091281396 89.1199951171875 0
1774091724920 89.68999481201172 0
1774092171232 89.72000122070312 0
1774092615977 89.72000122070312 0
1774093060215 89.72000122070312 0
1774093504884 89.72000122070312 0
1774093949363 89.80999755859375 0
1774094394646 89.80999755859375 0
1774094838851 90.16999816894531 0
1774095285674 90.72000122070312 0
1774095729649 91.0999984741211 0
1774096176418 91.0999984741211 0
1774096620917 91.11000061035156 0
1774097065495 91.11000061035156 0
1774097510304 91.31999969482422 0
1774097955038 91.31999969482422 0
1774098399831 91.3699951171875 0
1774098844386 91.3699951171875 0
1774099290620 91.3699951171875 0
1774099734192 91.68000030517578 0
1774100180955 91.68000030517578 0
1774100625612 91.68000030517578 0
1774101069932 91.68000030517578 0
1774101514480 91.68999481201172 0
1774101959290 91.68999481201172 0
1774102403641 91.68999481201172 0
1774102847907 92.32999420166016 0
1774103294967 92.32999420166016 0
1774103738842 92.32999420166016 0
1774104185925 92.32999420166016 0
1774104630452 92.32999420166016 0
1774105075023 92.32999420166016 0
1774105520212 92.32999420166016 0
1774105964671 92.45999908447266 0
1774106409717 92.45999908447266 0
1774106854283 92.45999908447266 0
1774107300593 92.52999877929688 0
1774107744616 92.52999877929688 0
1774108190916 92.52999877929688 0
1774108635683 92.52999877929688 0
1774109080106 92.57999420166016 0
1774109524862 92.6199951171875 0
1774109969654 92.6199951171875 0
1774110414221 92.6199951171875 0
1774110858563 92.66999816894531 0
1774111305427 92.66999816894531 0
1774111748894 92.70999908447266 0
1774112195009 92.70999908447266 0
1774112639550 92.70999908447266 0
1774113083865 92.70999908447266 0
1774113528828 92.89999389648438 0
1774113973651 92.89999389648438 0
1774114418207 92.89999389648438 0
1774114862851 92.89999389648438 0
1774115309501 92.89999389648438 0
1774115752872 92.89999389648438 0
1774116198780 92.89999389648438 0
1774116643223 92.89999389648438 0
1774117087765 92.89999389648438 0
1774117532356 92.89999389648438 0
1774117977225 92.89999389648438 0
1774118422797 92.89999389648438 0
1774118867410 92.89999389648438 0
1774119314203 92.89999389648438 0
1774119757677 92.89999389648438 0
1774120203712 92.89999389648438 0
1774120648315 92.89999389648438 0
1774121092570 92.89999389648438 0
1774121537258 92.89999389648438 0
1774121981804 92.93000030517578 0
1774122426871 92.93000030517578 0
1774122870953 92.93000030517578 0
1774123318323 92.93000030517578 0
1774123762073 92.93000030517578 0
1774124207978 92.93000030517578 0
1774124652706 92.93000030517578 0
1774125097445 92.93000030517578 0
1774125541973 92.93000030517578 0
1774125986421 92.93000030517578 0
1774126431215 92.93000030517578 0
1774126875132 92.93000030517578 0
1774127321682 92.93000030517578 0
1774127764961 92.93000030517578 0
1774128210616 92.93000030517578 0
1774128654658 92.93000030517578 0
1774129098794 92.93000030517578 0
1774129542951 92.93000030517578 0
1774129987266 92.93000030517578 0
1774130432416 92.93000030517578 0
1774130876327 92.93000030517578 0
1774131323463 92.93000030517578 0
1774131766474 92.93000030517578 0
1774132211834 92.93000030517578 0
1774132656199 92.93000030517578 0
1774133100019 92.93000030517578 0
1774133544430 92.93000030517578 0
1774133989107 92.93000030517578 0
1774134434120 92.93000030517578 0
1774134877952 92.93000030517578 0
1774135325161 92.93000030517578 0
1774135768477 92.93000030517578 0
1774136214021 92.93000030517578 0
1774136658511 92.93000030517578 0
1774137102683 92.93000030517578 0
1774137547028 92.93000030517578 0
1774137990920 92.93000030517578 0
1774138435917 93.00999450683594 0
1774138879870 93.00999450683594 0
1774139326714 93.00999450683594 0
1774139769971 93.00999450683594 0
1774140215407 93.00999450683594 0
1774140659704 93.00999450683594 0
1774141104018 93.00999450683594 0
1774141548346 93.00999450683594 0
1774141992390 93.00999450683594 0
1774142437520 93.00999450683594 0
1774142881130 93.00999450683594 0
1774143328576 93.00999450683594 0
1774143772134 93.00999450683594 0
1774144217476 93.00999450683594 0
1774144661884 93.00999450683594 0
1774145106294 93.00999450683594 0
1774145550692 93.00999450683594 0
1774145995099 93.00999450683594 0
1774146440317 93.00999450683594 0
1774146883694 93.00999450683594 0
1774147330517 93.00999450683594 0
1774147773705 93.00999450683594 0
1774148218750 93.00999450683594 0
1774148663063 93.00999450683594 0
1774149107283 93.00999450683594 0
1774149551597 93.00999450683594 0
1774149944556 93.00999450683594 0
1774150277034 93.00999450683594 0
1774150608473 93.00999450683594 0
1774150943518 93.00999450683594 0
1774151274588 93.00999450683594 0
1774151607547 93.00999450683594 0
1774151939359 93.00999450683594 0
1774152271369 93.00999450683594 0
1774152602926 93.00999450683594 0
1774152935235 93.00999450683594 0
1774153269515 93.00999450683594 0
1774153600784 93.00999450683594 0
1774153934838 93.00999450683594 0
1774154266068 93.00999450683594 0
1774154599033 93.00999450683594 0
1774154931380 93.00999450683594 0
1774155263945 93.00999450683594 0
1774155596190 93.00999450683594 0
1774155928501 93.00999450683594 0
1774156261939 93.00999450683594 0
1774156592487 93.00999450683594 0
1774156926984 93.00999450683594 0
1774157258214 93.00999450683594 0
1774157590306 93.00999450683594 0
1774157922182 93.00999450683594 0
1774158253459 93.00999450683594 0
1774158584613 93.00999450683594 0
1774158915918 93.00999450683594 0
1774159248498 93.00999450683594 0
1774159576844 93.00999450683594 0
1774159910606 93.00999450683594 0
1774160240411 93.00999450683594 0
1774160570902 93.00999450683594 0
1774160901166 93.00999450683594 0
1774161231550 93.00999450683594 0
1774161562011 93.00999450683594 0
1774161892344 93.00999450683594 0
1774162224427 93.00999450683594 0
1774162552833 93.00999450683594 0
1774162886458 93.00999450683594 0
1774163216195 93.00999450683594 0
1774163547249 93.00999450683594 0
1774163877910 93.00999450683594 0
1774164208422 93.00999450683594 0
1774164538631 93.00999450683594 0
