1774081006451 3.909428583984375 1
1774081450956 3.319662926864624 2
1774081895534 2.950839800796509 3
1774082340691 2.6466109479141235 4
1774082784865 2.395628548812866 5
1774083232079 2.2389241586685182 6
1774083675935 2.0525999306488036 7
1774084121516 1.919794447479248 8
1774084566152 1.7712909560394288 9
1774085010261 1.698029228286743 10
1774085455157 1.5720046875762939 11
1774085900337 1.4984632232284545 12
1774086345789 1.4199912506866454 13
1774086790491 1.3855999263381957 14
1774087238141 1.2997476929092406 15
1774087682511 1.249319974708557 16
1774088128463 1.1913735928344726 17
1774088573649 1.1474989346694946 18
1774089018253 1.1207894181060791 19
1774089463089 1.0646498002052307 20
1774089907720 1.0363194157791138 21
1774090353455 1.0014753354644776 22
1774090798219 0.9715339552307128 23
1774091245362 0.9274838870811463 24
1774091688916 0.8854932387161255 25
1774092134550 0.8803159763336181 26
1774092579334 0.8198471700716019 27
1774093023407 0.8191887232017517 28
1774093468119 0.7987760651016236 29
1774093912580 0.7755692576217651 30
1774094358222 0.7586759766769409 31
1774094802277 0.718750138783455 32
1774095249626 0.589659589099884 33
1774095693577 0.535793497915268 34
1774096139690 0.5158988790607453 35
1774096584328 0.5103528304100037 36
1774097028773 0.49594021911621095 37
1774097473428 0.4907665539550781 38
1774097918302 0.4895879066562653 39
1774098363543 0.4734818734073639 40
1774098807753 0.476831047782898 41
1774099254670 0.4439193897628784 42
1774099698245 0.4351406153964996 43
1774100144199 0.43736556445121766 44
1774100588934 0.4276235200881958 45
1774101033221 0.41471857513539495 46
1774101477932 0.4113391737937927 47
1774101922490 0.4121371424150467 48
1774102367590 0.409327814027071 49
1774102811163 0.3400342810829729 50
1774103258940 0.33275278427220883 51
1774103702792 0.32309699234187605 52
1774104149194 0.3281117293596268 53
1774104593806 0.31429796239936725 54
1774105038234 0.3017013918468356 55
1774105483418 0.31410384203374386 56
1774105927937 0.28331537594754247 57
1774106373547 0.26744107557289304 58
1774106817687 0.2714533943045884 59
1774107264688 0.27335564070766794 60
1774107708633 0.2762770493784547 61
1774108154233 0.26145930905964226 62
1774108598925 0.2705343934910395 63
1774109043371 0.24327492727786215 64
1774109488158 0.2641176731002517 65
1774109933099 0.24074768929771614 66
1774110378188 0.25004390109717844 67
1774110821902 0.25236238689329477 68
1774111269305 0.24123895816714502 69
1774111712990 0.23823912755848142 70
1774112158442 0.2349667008056864 71
1774112602890 0.22626445302719717 72
1774113047195 0.24586152628458105 73
1774113491922 0.2400544722419337 74
1774113936913 0.24349185781499835 75
1774114382229 0.2442081820787878 76
1774114826290 0.2365246491614316 77
1774115273317 0.22114133227051003 78
1774115716997 0.23198055775292142 79
1774116162074 0.2180065589227341 80
1774116606597 0.23492667815617635 81
1774117051054 0.2286444556196034 82
1774117495644 0.22945965173883828 83
1774117940342 0.21652976747615263 84
1774118386662 0.23488573280377548 85
1774118830747 0.22054956862151623 86
1774119277925 0.22386933540006468 87
1774119721819 0.2192249865601724 88
1774120167043 0.2295718490397383 89
1774120611673 0.21515407845220383 90
1774121055837 0.23039414822909865 91
1774121500499 0.23283409865550697 92
1774121945169 0.22628668361100834 93
1774122390878 0.21711157722111646 94
1774122834294 0.21578980266649464 95
1774123281856 0.23360489819119118 96
1774123726136 0.21831552949853242 97
1774124171376 0.23369236613176764 98
1774124615956 0.22252783140450716 99
1774125060635 0.21599515981476755 100
1774125505371 0.20916129104533088 101
1774125949803 0.22227595259487162 102
1774126395279 0.2097988933045452 103
1774126838583 0.20656124076916837 104
1774127285401 0.20895949427768587 105
1774127729031 0.21699748883417952 106
1774128174090 0.22006811844184995 107
1774128618276 0.21421091996368252 108
1774129062292 0.21028875311614145 109
1774129506483 0.20075783676444786 110
1774129950611 0.21720542655085912 111
1774130396355 0.20696064822873333 112
1774130839769 0.21951075766521913 113
1774131286856 0.21734007077932824 114
1774131730736 0.22640371800377965 115
1774132175274 0.21416947859212757 116
1774132619479 0.22014659126741812 117
1774133063626 0.23241861760003027 118
1774133507771 0.2183348211562814 119
1774133952328 0.21128132183750728 120
1774134398205 0.2136481284333393 121
1774134841345 0.21212237007879886 122
1774135288449 0.21995135822532466 123
1774135732579 0.20616369865184417 124
1774136177178 0.21680867729799355 125
1774136621886 0.20819481314433272 126
1774137066212 0.2170474377723108 127
1774137510466 0.2106994774480164 128
1774137954303 0.2092474058635786 129
1774138400077 0.23139883313536178 130
1774138843242 0.2274456272750534 131
1774139290119 0.22135111235027202 132
1774139734112 0.2122157102237316 133
1774140178856 0.23169906289349193 134
1774140623186 0.2114096857710858 135
1774141067440 0.21385263695707424 136
1774141511756 0.22325676062434854 137
1774141955769 0.2257380446794373 138
1774142401688 0.22691575139817782 139
1774142844619 0.21686766292480986 140
1774143291769 0.2212137488637418 141
1774143736274 0.2185475049374107 142
1774144180918 0.22520823860138656 143
1774144625154 0.19802515465203324 144
1774145069715 0.21543172787520626 145
1774145514123 0.2141350813476299 146
1774145958523 0.213610411611367 147
1774146404422 0.21988967324050143 148
1774146847234 0.22463172870695824 149
1774147293977 0.2135862597876112 150
1774147737942 0.21249064675341128 151
1774148182131 0.20106699537513487 152
1774148626475 0.21803934767439845 153
1774149070763 0.20981046538372 154
1774149515075 0.2219941178523749 155
1774149917387 0.21477598539737286 156
1774150250450 0.2090269196474657 157
1774150581392 0.2147823671941273 158
1774150916146 0.20903645086543401 159
1774151248030 0.19772719136720174 160
1774151580243 0.21691047791449214 161
1774151912028 0.20910614543168807 162
1774152244150 0.2113683720842749 163
1774152575605 0.22195950319762284 164
1774152907851 0.21662682821198367 165
1774153242862 0.22392508551344276 166
1774153573842 0.21361373932256306 167
1774153907480 0.22158637220248115 168
1774154239535 0.2290498121016426 169
1774154571714 0.21845112640462547 170
1774154903963 0.2109374861375522 171
1774155236555 0.21068964908902532 172
1774155568898 0.2142603260941105 173
1774155901243 0.20704256823692355 174
1774156235338 0.22594615815017371 175
1774156565657 0.231980994900167 176
1774156899749 0.22393910201256395 177
1774157231661 0.22500276531060226 178
1774157563093 0.2097310372441262 179
1774157894905 0.21426608142651152 180
1774158226399 0.20759409259169362 181
1774158557836 0.2194020213995571 182
1774158889002 0.20171364981192164 183
1774159222261 0.2146344056666596 184
1774159550543 0.20420702210306424 185
1774159883668 0.21569954963107593 186
1774160214175 0.225733379208408 187
1774160544112 0.2085174339674879 188
1774160874292 0.21721116932047996 189
1774161204649 0.22009781001576673 190
1774161535363 0.22233021535521375 191
1774161865459 0.22385409885888918 192
1774162198194 0.2082945349399373 193
1774162526477 0.21492863505003973 194
1774162859577 0.20216662438934668 195
1774163189978 0.22419228475689887 196
1774163520359 0.21567942811718677 197
1774163851029 0.2113480671822559 198
1774164181556 0.21521602974289897 199
1774164512032 0.21639106405341998 200
