1774081043302 0.001 1
1774081487726 0.001 2
1774081932476 0.001 3
1774082377223 0.001 4
1774082821733 0.001 5
1774083268366 0.001 6
1774083712028 0.001 7
1774084158421 0.001 8
1774084602554 0.001 9
1774085047110 0.001 10
1774085492203 0.001 11
1774085937366 0.001 12
1774086382458 0.001 13
1774086827366 0.001 14
1774087274391 0.001 15
1774087718562 0.001 16
1774088165303 0.001 17
1774088610634 0.001 18
1774089055215 0.001 19
1774089499889 0.001 20
1774089944581 0.001 21
1774090390019 0.001 22
1774090834897 0.001 23
1774091281557 0.001 24
1774091725081 0.001 25
1774092171409 0.001 26
1774092615978 0.001 27
1774093060216 0.001 28
1774093504886 0.001 29
1774093949560 0.001 30
1774094394647 0.001 31
1774094839037 0.0005 32
1774095285862 0.0005 33
1774095729825 0.0005 34
1774096176419 0.0005 35
1774096621087 0.0005 36
1774097065497 0.0005 37
1774097510512 0.0005 38
1774097955040 0.0005 39
1774098400022 0.0005 40
1774098844387 0.0005 41
1774099290621 0.0005 42
1774099734417 0.0005 43
1774100180956 0.0005 44
1774100625613 0.0005 45
1774101069933 0.0005 46
1774101514704 0.0005 47
1774101959291 0.0005 48
1774102403643 0.00025 49
1774102848077 0.00025 50
1774103294968 0.00025 51
1774103738843 0.00025 52
1774104185926 0.00025 53
1774104630454 0.00025 54
1774105075025 0.00025 55
1774105520213 0.000125 56
1774105964900 0.000125 57
1774106409718 0.000125 58
1774106854285 0.000125 59
1774107300765 0.000125 60
1774107744617 0.000125 61
1774108190917 0.000125 62
1774108635685 6.25e-05 63
1774109080261 6.25e-05 64
1774109525091 6.25e-05 65
1774109969655 6.25e-05 66
1774110414222 6.25e-05 67
1774110858715 6.25e-05 68
1774111305428 6.25e-05 69
1774111749117 6.25e-05 70
1774112195010 6.25e-05 71
1774112639551 6.25e-05 72
1774113083866 6.25e-05 73
1774113529059 6.25e-05 74
1774113973653 6.25e-05 75
1774114418208 6.25e-05 76
1774114862852 6.25e-05 77
1774115309503 6.25e-05 78
1774115752874 6.25e-05 79
1774116198781 3.125e-05 80
1774116643224 3.125e-05 81
1774117087767 3.125e-05 82
1774117532357 3.125e-05 83
1774117977228 3.125e-05 84
1774118422798 3.125e-05 85
1774118867411 1.5625e-05 86
1774119314204 1.5625e-05 87
1774119757678 1.5625e-05 88
1774120203713 1.5625e-05 89
1774120648316 1.5625e-05 90
1774121092571 1.5625e-05 91
1774121537259 7.8125e-06 92
1774121981963 7.8125e-06 93
1774122426872 7.8125e-06 94
1774122870956 7.8125e-06 95
1774123318324 7.8125e-06 96
1774123762074 7.8125e-06 97
1774124207980 3.90625e-06 98
1774124652707 3.90625e-06 99
1774125097447 3.90625e-06 100
1774125541974 3.90625e-06 101
1774125986422 3.90625e-06 102
1774126431216 3.90625e-06 103
1774126875133 1.953125e-06 104
1774127321683 1.953125e-06 105
1774127764962 1.953125e-06 106
1774128210617 1.953125e-06 107
1774128654660 1.953125e-06 108
1774129098796 1.953125e-06 109
1774129542953 9.765625e-07 110
1774129987268 9.765625e-07 111
1774130432417 9.765625e-07 112
1774130876328 9.765625e-07 113
1774131323464 9.765625e-07 114
1774131766475 9.765625e-07 115
1774132211836 4.8828125e-07 116
1774132656200 4.8828125e-07 117
1774133100021 4.8828125e-07 118
1774133544432 4.8828125e-07 119
1774133989109 4.8828125e-07 120
1774134434122 4.8828125e-07 121
1774134877953 2.44140625e-07 122
1774135325162 2.44140625e-07 123
1774135768479 2.44140625e-07 124
1774136214023 2.44140625e-07 125
1774136658512 2.44140625e-07 126
1774137102684 2.44140625e-07 127
1774137547029 1.220703125e-07 128
1774137990921 1.220703125e-07 129
1774138436073 1.220703125e-07 130
1774138879871 1.220703125e-07 131
1774139326716 1.220703125e-07 132
1774139769972 1.220703125e-07 133
1774140215409 1.220703125e-07 134
1774140659706 1.220703125e-07 135
1774141104019 6.103515625e-08 136
1774141548347 6.103515625e-08 137
1774141992392 6.103515625e-08 138
1774142437521 6.103515625e-08 139
1774142881131 6.103515625e-08 140
1774143328577 6.103515625e-08 141
1774143772135 3.0517578125e-08 142
1774144217477 3.0517578125e-08 143
1774144661885 3.0517578125e-08 144
1774145106295 3.0517578125e-08 145
1774145550693 3.0517578125e-08 146
1774145995100 3.0517578125e-08 147
1774146440318 1.52587890625e-08 148
1774146883696 1.52587890625e-08 149
1774147330519 1.52587890625e-08 150
1774147773706 1.52587890625e-08 151
1774148218751 1.52587890625e-08 152
1774148663064 1.52587890625e-08 153
1774149107284 1.52587890625e-08 154
1774149551598 1.52587890625e-08 155
1774149944558 1.52587890625e-08 156
1774150277035 1.52587890625e-08 157
1774150608474 1.52587890625e-08 158
1774150943520 1.52587890625e-08 159
1774151274590 1.52587890625e-08 160
1774151607548 1.52587890625e-08 161
1774151939360 1.52587890625e-08 162
1774152271371 1.52587890625e-08 163
1774152602927 1.52587890625e-08 164
1774152935237 1.52587890625e-08 165
1774153269516 1.52587890625e-08 166
1774153600786 1.52587890625e-08 167
1774153934839 1.52587890625e-08 168
1774154266069 1.52587890625e-08 169
1774154599035 1.52587890625e-08 170
1774154931381 1.52587890625e-08 171
1774155263946 1.52587890625e-08 172
1774155596192 1.52587890625e-08 173
1774155928502 1.52587890625e-08 174
1774156261941 1.52587890625e-08 175
1774156592489 1.52587890625e-08 176
1774156926985 1.52587890625e-08 177
1774157258215 1.52587890625e-08 178
1774157590307 1.52587890625e-08 179
1774157922183 1.52587890625e-08 180
1774158253460 1.52587890625e-08 181
1774158584615 1.52587890625e-08 182
1774158915919 1.52587890625e-08 183
1774159248500 1.52587890625e-08 184
1774159576847 1.52587890625e-08 185
1774159910608 1.52587890625e-08 186
1774160240412 1.52587890625e-08 187
1774160570902 1.52587890625e-08 188
1774160901167 1.52587890625e-08 189
1774161231552 1.52587890625e-08 190
1774161562012 1.52587890625e-08 191
1774161892345 1.52587890625e-08 192
1774162224428 1.52587890625e-08 193
1774162552835 1.52587890625e-08 194
1774162886459 1.52587890625e-08 195
1774163216197 1.52587890625e-08 196
1774163547250 1.52587890625e-08 197
1774163877911 1.52587890625e-08 198
1774164208423 1.52587890625e-08 199
1774164538632 1.52587890625e-08 200
