1773911335440 38.97200012207031 1
1773911441241 55.9839973449707 2
1773911547043 63.16999816894531 3
1773911652997 67.72999572753906 4
1773911758900 72.04399871826172 5
1773911864763 74.69400024414062 6
1773911970629 76.62799835205078 7
1773912076427 78.03399658203125 8
1773912182261 79.53799438476562 9
1773912288167 81.093994140625 10
1773912393931 82.16799926757812 11
1773912499777 83.31599426269531 12
1773912605642 83.90599822998047 13
1773912711510 84.77399444580078 14
1773912816862 85.5199966430664 15
1773912922450 86.0219955444336 16
1773913027964 86.50999450683594 17
1773913133385 87.06399536132812 18
1773913239204 87.72000122070312 19
1773913344955 87.94599914550781 20
1773913450390 88.447998046875 21
1773913555772 89.06599426269531 22
1773913661550 89.18399810791016 23
1773913767436 89.36399841308594 24
1773913873050 90.05999755859375 25
1773913978414 90.33999633789062 26
1773914083796 90.47599792480469 27
1773914189583 90.80599975585938 28
1773914295253 90.98400115966797 29
1773914400911 91.13800048828125 30
1773914506341 91.38599395751953 31
1773914611829 91.53399658203125 32
1773914717217 91.84600067138672 33
1773914822755 91.96199798583984 34
1773914928181 93.7699966430664 35
1773915033782 93.87799835205078 36
1773915139211 94.16799926757812 37
1773915244656 94.22599792480469 38
1773915350040 94.56599426269531 39
1773915455853 94.60799407958984 40
1773915561283 94.69999694824219 41
1773915666718 95.21199798583984 42
1773915772512 95.54999542236328 43
1773915877948 95.57799530029297 44
1773915983528 95.55999755859375 45
1773916088871 95.82999420166016 46
1773916194389 95.69200134277344 47
1773916300007 95.83799743652344 48
1773916405424 95.98799896240234 49
1773916511197 96.13599395751953 50
1773916617786 96.04399871826172 51
1773916724597 96.16399383544922 52
1773916830541 96.31399536132812 53
1773916936547 96.4959945678711 54
1773917042639 96.5479965209961 55
1773917148857 96.59600067138672 56
1773917255892 96.56800079345703 57
1773917362880 96.74800109863281 58
1773917468824 96.63800048828125 59
1773917575177 96.6520004272461 60
1773917681641 96.59199523925781 61
1773917787990 96.6259994506836 62
1773917894297 96.71199798583984 63
1773918000193 96.82999420166016 64
1773918105988 96.95800018310547 65
1773918212538 96.94200134277344 66
1773918319068 96.92599487304688 67
1773918425472 96.93000030517578 68
1773918532373 97.00799560546875 69
1773918638175 97.1199951171875 70
1773918744057 97.11399841308594 71
1773918849839 97.05199432373047 72
1773918956420 97.12199401855469 73
1773919062611 97.0999984741211 74
1773919170592 97.1240005493164 75
1773919295568 97.01399993896484 76
1773919401825 97.08799743652344 77
1773919508264 97.13599395751953 78
1773919614300 97.16199493408203 79
1773919720382 97.25 80
1773919826119 97.23199462890625 81
1773920031450 97.1719970703125 82
1773920254469 97.22599792480469 83
1773920474300 97.1199951171875 84
1773920697227 97.23600006103516 85
1773920916406 97.09199523925781 86
