1773911343949 56.44999694824219 0
1773911449678 64.15999603271484 0
1773911555492 68.02999877929688 0
1773911661503 72.47999572753906 0
1773911767324 75.16999816894531 0
1773911873289 78.13999938964844 0
1773911979060 80.08999633789062 0
1773912084881 80.87999725341797 0
1773912190714 81.81999969482422 0
1773912296610 83.3499984741211 0
1773912402353 84.80999755859375 0
1773912508205 85.57999420166016 0
1773912614103 86.13999938964844 0
1773912719931 86.13999938964844 0
1773912825278 86.13999938964844 0
1773912930886 87.47000122070312 0
1773913036427 87.47000122070312 0
1773913141800 87.47999572753906 0
1773913247615 87.72000122070312 0
1773913353398 87.72000122070312 0
1773913458808 87.72000122070312 0
1773913564217 88.16999816894531 0
1773913670016 88.93000030517578 0
1773913775852 88.93000030517578 0
1773913881458 88.93000030517578 0
1773913986849 88.93000030517578 0
1773914092241 89.56999969482422 0
1773914198025 89.56999969482422 0
1773914303695 89.56999969482422 0
1773914409330 89.56999969482422 0
1773914514788 89.56999969482422 0
1773914620256 89.56999969482422 0
1773914725655 90.00999450683594 0
1773914831208 90.00999450683594 0
1773914936614 91.15999603271484 0
1773915042237 91.15999603271484 0
1773915147631 91.15999603271484 0
1773915253077 91.15999603271484 0
1773915358457 91.45999908447266 0
1773915464272 91.45999908447266 0
1773915569730 91.45999908447266 0
1773915675143 91.70999908447266 0
1773915780974 91.70999908447266 0
1773915886351 91.94999694824219 0
1773915991941 91.94999694824219 0
1773916097349 91.97000122070312 0
1773916202821 91.97999572753906 0
1773916308459 91.97999572753906 0
1773916413852 91.97999572753906 0
1773916519990 91.97999572753906 0
1773916626678 92.04999542236328 0
1773916733634 92.04999542236328 0
1773916839344 92.12999725341797 0
1773916945294 92.12999725341797 0
1773917051160 92.18000030517578 0
1773917157881 92.33999633789062 0
1773917265062 92.33999633789062 0
1773917371748 92.33999633789062 0
1773917477766 92.33999633789062 0
1773917583974 92.33999633789062 0
1773917690611 92.33999633789062 0
1773917796615 92.36000061035156 0
1773917902972 92.36000061035156 0
1773918008965 92.36000061035156 0
1773918114898 92.36000061035156 0
1773918221493 92.39999389648438 0
1773918327790 92.39999389648438 0
1773918434427 92.43999481201172 0
1773918541059 92.45999908447266 0
1773918647093 92.45999908447266 0
1773918752768 92.45999908447266 0
1773918858863 92.45999908447266 0
1773918964908 92.57999420166016 0
1773919071138 92.57999420166016 0
1773919188565 92.57999420166016 0
1773919304396 92.57999420166016 0
1773919410838 92.57999420166016 0
1773919517117 92.57999420166016 0
1773919623125 92.57999420166016 0
1773919728828 92.61000061035156 0
1773919835141 92.61000061035156 0
1773920049346 92.61000061035156 0
1773920272387 92.61000061035156 0
1773920492149 92.61000061035156 0
1773920715054 92.68000030517578 0
1773920934262 92.68000030517578 0
