1773911335442 4.029047992401123 1
1773911441243 3.4098012525177004 2
1773911547045 3.041637734680176 3
1773911652998 2.7628164699554443 4
1773911758902 2.4917931819915773 5
1773911864766 2.295056618041992 6
1773911970631 2.1385863972473143 7
1773912076430 2.014077634887695 8
1773912182264 1.8645911241912843 9
1773912288170 1.7361228768920898 10
1773912393932 1.6509659275627135 11
1773912499778 1.5608499437713623 12
1773912605645 1.4767529063796998 13
1773912711512 1.406354137840271 14
1773912816865 1.3276739652252196 15
1773912922453 1.3045464356231689 16
1773913027967 1.2402933481216432 17
1773913133386 1.190005487060547 18
1773913239206 1.1452487505340576 19
1773913344958 1.110955708618164 20
1773913450392 1.0655348331832886 21
1773913555773 1.0162326033592224 22
1773913661551 0.9981769596862793 23
1773913767438 0.9508784432601929 24
1773913873051 0.9184011741638184 25
1773913978416 0.8893317420578003 26
1773914083799 0.8718114926147461 27
1773914189586 0.8461186697387695 28
1773914295255 0.8183323155593872 29
1773914400912 0.7979476664543151 30
1773914506344 0.802903811454773 31
1773914611831 0.7606728144264221 32
1773914717220 0.7247361790657043 33
1773914822757 0.7110352097511291 34
1773914928183 0.5604556532478332 35
1773915033784 0.5437975751876831 36
1773915139212 0.5165847183990478 37
1773915244659 0.5091560132837295 38
1773915350043 0.48045434423446653 39
1773915455854 0.4781450068855286 40
1773915561284 0.4614318685054779 41
1773915666720 0.41462579043641684 42
1773915772515 0.37939331515312197 43
1773915877949 0.3842381038570404 44
1773915983529 0.384825155877769 45
1773916088872 0.3717532944500446 46
1773916194391 0.38228816355526446 47
1773916300010 0.3538148150062561 48
1773916405427 0.34557630053222177 49
1773916511200 0.3390402937156071 50
1773916617789 0.3497130713915825 51
1773916724599 0.33171335652474315 52
1773916830543 0.31172762699663636 53
1773916936548 0.2955252036493085 54
1773917042643 0.292756361232996 55
1773917148861 0.2996320923502557 56
1773917255895 0.3093082130889781 57
1773917362883 0.2844021517598629 58
1773917468826 0.29169307631197383 59
1773917575180 0.2821822719799448 60
1773917681644 0.3012287049983442 61
1773917787993 0.28741895302528514 62
1773917894301 0.2875093866109848 63
1773918000196 0.28229453955247996 64
1773918105990 0.2681822122803819 65
1773918212542 0.26775426205279307 66
1773918319071 0.26161775607555743 67
1773918425476 0.2643611165419035 68
1773918532376 0.25524649099603297 69
1773918638178 0.259071261427924 70
1773918744060 0.24905804760631173 71
1773918849840 0.2582487713180855 72
1773918956424 0.2509903482589126 73
1773919062615 0.24428808468546717 74
1773919170596 0.24990625953428447 75
1773919295571 0.2565303859570343 76
1773919401827 0.25035367921799423 77
1773919508267 0.24930479964226485 78
1773919614302 0.24388799281752668 79
1773919720384 0.23519227007883717 80
1773919826122 0.24324294164057123 81
1773920031453 0.2447697022138536 82
1773920254471 0.23355378440201283 83
1773920474303 0.24688404172698503 84
1773920697229 0.23049049928256587 85
1773920916409 0.2561258242142666 86
