1773911344043 0.001 1
1773911449795 0.001 2
1773911555695 0.001 3
1773911661657 0.001 4
1773911767522 0.001 5
1773911873448 0.001 6
1773911979259 0.001 7
1773912085029 0.001 8
1773912190949 0.001 9
1773912296732 0.001 10
1773912402555 0.001 11
1773912508380 0.001 12
1773912614306 0.001 13
1773912719932 0.001 14
1773912825279 0.001 15
1773912931022 0.001 16
1773913036428 0.001 17
1773913141994 0.001 18
1773913247746 0.001 19
1773913353398 0.001 20
1773913458809 0.001 21
1773913564354 0.001 22
1773913670214 0.001 23
1773913775852 0.001 24
1773913881459 0.001 25
1773913986850 0.001 26
1773914092381 0.001 27
1773914198028 0.001 28
1773914303696 0.001 29
1773914409331 0.001 30
1773914514789 0.001 31
1773914620257 0.001 32
1773914725816 0.001 33
1773914831209 0.0005 34
1773914936826 0.0005 35
1773915042238 0.0005 36
1773915147632 0.0005 37
1773915253078 0.0005 38
1773915358587 0.0005 39
1773915464273 0.0005 40
1773915569731 0.00025 41
1773915675357 0.00025 42
1773915780975 0.00025 43
1773915886490 0.00025 44
1773915991941 0.00025 45
1773916097558 0.00025 46
1773916202989 0.00025 47
1773916308460 0.00025 48
1773916413853 0.00025 49
1773916519991 0.00025 50
1773916626944 0.00025 51
1773916733634 0.000125 52
1773916839490 0.000125 53
1773916945295 0.000125 54
1773917051347 0.000125 55
1773917158089 0.000125 56
1773917265064 0.000125 57
1773917371749 0.000125 58
1773917477768 0.000125 59
1773917583975 0.000125 60
1773917690614 0.000125 61
1773917796762 0.000125 62
1773917902974 0.000125 63
1773918008967 6.25e-05 64
1773918114900 6.25e-05 65
1773918221737 6.25e-05 66
1773918327792 6.25e-05 67
1773918434625 6.25e-05 68
1773918541263 6.25e-05 69
1773918647094 3.125e-05 70
1773918752771 3.125e-05 71
1773918858865 3.125e-05 72
1773918965074 3.125e-05 73
1773919071140 3.125e-05 74
1773919188566 3.125e-05 75
1773919304398 3.125e-05 76
1773919410839 3.125e-05 77
1773919517119 3.125e-05 78
1773919623127 1.5625e-05 79
1773919729103 1.5625e-05 80
1773919835142 1.5625e-05 81
1773920049347 1.5625e-05 82
1773920272388 1.5625e-05 83
1773920492150 1.5625e-05 84
1773920715236 7.8125e-06 85
1773920934264 7.8125e-06 86
