1774320868252 53.009559631347656 1
1774320926698 72.72023010253906 2
1774320985523 86.41178131103516 3
1774321046440 92.22423553466797 4
1774321105569 94.21338653564453 5
1774321163480 95.42754364013672 6
1774321220762 97.106689453125 7
1774321279459 96.77086639404297 8
1774321337638 97.70085144042969 9
1774321396127 98.16584777832031 10
1774321453914 98.21751403808594 11
1774321512082 98.21751403808594 12
1774321575180 98.52751159667969 13
1774321633924 98.63084411621094 14
1774321691936 98.760009765625 15
1774321749157 98.9666748046875 16
1774321810862 99.04417419433594 17
1774321868869 99.40583801269531 18
1774321927493 99.66416931152344 19
1774321989172 99.56083679199219 20
1774322047219 99.76750183105469 21
1774322106246 99.69000244140625 22
1774322165307 99.76750183105469 23
1774322223724 99.74166870117188 24
1774322281815 99.81916809082031 25
1774322343813 99.81916809082031 26
1774322403014 99.92250061035156 27
1774322460923 99.81916809082031 28
1774322518834 99.87083435058594 29
1774322576600 99.87083435058594 30
1774322634344 99.87083435058594 31
1774322694076 99.87083435058594 32
1774322751841 99.89666748046875 33
1774322810030 99.89666748046875 34
1774322873570 99.94833374023438 35
1774322931839 99.89666748046875 36
1774322989938 99.89666748046875 37
1774323047598 99.89666748046875 38
1774323106123 99.94833374023438 39
1774323164558 99.94833374023438 40
1774323222461 99.89666748046875 41
1774323281496 99.94833374023438 42
1774323339925 99.92250061035156 43
1774323397376 99.89666748046875 44
1774323456617 99.92250061035156 45
1774323514605 99.92250061035156 46
1774323572433 99.97416687011719 47
1774323631500 99.92250061035156 48
1774323689330 99.94833374023438 49
1774323748965 99.97416687011719 50
1774323808010 99.89666748046875 51
1774323867870 99.94833374023438 52
1774323926843 99.92250061035156 53
1774323985119 99.94833374023438 54
1774324043449 99.94833374023438 55
1774324101982 99.92250061035156 56
1774324161186 99.94833374023438 57
1774324219073 99.97416687011719 58
1774324276670 99.89666748046875 59
1774324336572 99.94833374023438 60
1774324395112 99.94833374023438 61
1774324452750 99.92250061035156 62
1774324512819 99.94833374023438 63
1774324572160 99.89666748046875 64
1774324629791 99.92250061035156 65
1774324686766 99.97416687011719 66
1774324746671 99.97416687011719 67
1774324807079 99.92250061035156 68
1774324865705 99.92250061035156 69
1774324923031 99.94833374023438 70
1774324981000 99.94833374023438 71
1774325039346 99.92250061035156 72
1774325097044 99.94833374023438 73
1774325154643 99.94833374023438 74
1774325213098 99.89666748046875 75
1774325271365 99.94833374023438 76
1774325329606 99.92250061035156 77
1774325388264 99.97416687011719 78
1774325449080 99.92250061035156 79
1774325507346 99.97416687011719 80
1774325570511 99.97416687011719 81
1774325631453 99.94833374023438 82
1774325690050 99.94833374023438 83
1774325748424 99.97416687011719 84
1774325805836 99.92250061035156 85
1774325864267 99.89666748046875 86
1774325923778 99.94833374023438 87
1774325982412 99.94833374023438 88
1774326039678 99.94833374023438 89
1774326097826 99.97416687011719 90
1774326157391 99.92250061035156 91
1774326214916 99.94833374023438 92
1774326272396 99.92250061035156 93
1774326330295 99.97416687011719 94
1774326389479 99.97416687011719 95
1774326450725 99.89666748046875 96
1774326507985 99.97416687011719 97
1774326565287 99.92250061035156 98
1774326624111 99.92250061035156 99
1774326682568 99.97416687011719 100
1774326740140 99.92250061035156 101
1774326797099 99.94833374023438 102
1774326862040 99.94833374023438 103
1774326920093 99.92250061035156 104
1774326977773 99.92250061035156 105
1774327035120 99.94833374023438 106
1774327094715 99.97416687011719 107
1774327152650 99.92250061035156 108
1774327213691 99.92250061035156 109
1774327271857 99.94833374023438 110
1774327337479 99.97416687011719 111
1774327395857 99.97416687011719 112
1774327457864 99.92250061035156 113
1774327515586 99.92250061035156 114
1774327574126 99.92250061035156 115
1774327631733 99.94833374023438 116
1774327689097 99.97416687011719 117
1774327747385 99.94833374023438 118
1774327805466 99.92250061035156 119
1774327864052 99.94833374023438 120
1774327922400 99.92250061035156 121
1774327980710 99.92250061035156 122
1774328037949 99.94833374023438 123
1774328096117 99.97416687011719 124
1774328154575 99.94833374023438 125
1774328213025 99.94833374023438 126
1774328271307 99.94833374023438 127
1774328333147 99.94833374023438 128
1774328394186 99.89666748046875 129
1774328452588 99.89666748046875 130
1774328512200 99.92250061035156 131
1774328570508 99.94833374023438 132
1774328628405 99.94833374023438 133
1774328686280 99.92250061035156 134
1774328744256 99.94833374023438 135
1774328801880 99.94833374023438 136
1774328863392 99.94833374023438 137
1774328922550 99.97416687011719 138
1774328980366 99.89666748046875 139
1774329038375 99.94833374023438 140
1774329097717 99.94833374023438 141
1774329156052 99.94833374023438 142
1774329215212 99.92250061035156 143
1774329272612 99.97416687011719 144
1774329330598 99.94833374023438 145
1774329390722 99.92250061035156 146
1774329448465 99.94833374023438 147
1774329505871 99.94833374023438 148
1774329563849 99.92250061035156 149
1774329621151 99.92250061035156 150
1774329679485 99.94833374023438 151
1774329738911 99.94833374023438 152
1774329797004 99.92250061035156 153
1774329855128 99.89666748046875 154
1774329914505 99.94833374023438 155
1774329971851 99.94833374023438 156
1774330030087 99.92250061035156 157
1774330088512 99.92250061035156 158
1774330146455 99.97416687011719 159
1774330207570 99.92250061035156 160
1774330265719 99.92250061035156 161
1774330323395 99.94833374023438 162
1774330380668 99.97416687011719 163
1774330440397 99.94833374023438 164
1774330498740 99.94833374023438 165
1774330557677 99.94833374023438 166
1774330619848 99.97416687011719 167
1774330677856 99.92250061035156 168
1774330736017 99.94833374023438 169
1774330797272 99.97416687011719 170
1774330854879 99.97416687011719 171
1774330913808 99.92250061035156 172
1774330971655 99.92250061035156 173
1774331029024 99.94833374023438 174
1774331086620 99.94833374023438 175
1774331145942 99.94833374023438 176
1774331203762 99.92250061035156 177
1774331262576 99.92250061035156 178
1774331319797 99.97416687011719 179
1774331377466 99.92250061035156 180
1774331435784 99.92250061035156 181
1774331492995 99.92250061035156 182
1774331552813 99.94833374023438 183
1774331611539 99.94833374023438 184
1774331669312 99.92250061035156 185
1774331731967 99.94833374023438 186
1774331790559 99.92250061035156 187
1774331848660 99.89666748046875 188
1774331907318 99.94833374023438 189
1774331965397 99.92250061035156 190
1774332023915 99.92250061035156 191
1774332081495 99.94833374023438 192
1774332139575 99.97416687011719 193
1774332197303 99.92250061035156 194
1774332254418 99.92250061035156 195
1774332313984 99.92250061035156 196
1774332371241 99.97416687011719 197
1774332428638 99.92250061035156 198
1774332486224 99.92250061035156 199
1774332545212 99.92250061035156 200
