1774320873633 70.45454406738281 0
1774320932204 83.71212005615234 0
1774320990820 92.04545593261719 0
1774321051712 92.42424774169922 0
1774321111247 96.59091186523438 0
1774321168743 96.59091186523438 0
1774321226036 96.59091186523438 0
1774321284764 96.59091186523438 0
1774321342948 96.96969604492188 0
1774321401585 96.96969604492188 0
1774321459171 96.96969604492188 0
1774321517906 98.10606384277344 0
1774321580588 98.10606384277344 0
1774321639321 98.10606384277344 0
1774321697216 98.10606384277344 0
1774321754487 98.10606384277344 0
1774321816190 98.10606384277344 0
1774321874164 98.10606384277344 0
1774321932989 98.10606384277344 0
1774321994503 98.10606384277344 0
1774322052740 98.10606384277344 0
1774322111583 98.10606384277344 0
1774322170944 98.10606384277344 0
1774322229262 98.10606384277344 0
1774322287840 98.10606384277344 0
1774322349192 98.10606384277344 0
1774322408318 98.10606384277344 0
1774322466604 98.10606384277344 0
1774322524104 98.10606384277344 0
1774322582009 98.10606384277344 0
1774322639578 98.10606384277344 0
1774322699991 98.10606384277344 0
1774322757536 98.10606384277344 0
1774322815425 98.10606384277344 0
1774322879186 98.10606384277344 0
1774322937318 98.10606384277344 0
1774322995373 98.10606384277344 0
1774323052980 98.10606384277344 0
1774323111850 98.10606384277344 0
1774323170268 98.10606384277344 0
1774323228214 98.10606384277344 0
1774323287462 98.10606384277344 0
1774323345208 98.10606384277344 0
1774323402968 98.10606384277344 0
1774323462072 98.10606384277344 0
1774323520446 98.10606384277344 0
1774323578142 98.10606384277344 0
1774323636952 98.10606384277344 0
1774323694713 98.10606384277344 0
1774323754408 98.10606384277344 0
1774323813744 98.10606384277344 0
1774323873188 98.10606384277344 0
1774323932400 98.10606384277344 0
1774323990959 98.10606384277344 0
1774324049312 98.10606384277344 0
1774324108200 98.10606384277344 0
1774324166883 98.10606384277344 0
1774324224471 98.10606384277344 0
1774324282464 98.10606384277344 0
1774324341868 98.10606384277344 0
1774324400657 98.10606384277344 0
1774324457979 98.10606384277344 0
1774324518400 98.10606384277344 0
1774324577749 98.10606384277344 0
1774324635037 98.10606384277344 0
1774324692062 98.10606384277344 0
1774324751937 98.10606384277344 0
1774324812734 98.10606384277344 0
1774324871158 98.10606384277344 0
1774324928550 98.10606384277344 0
1774324986475 98.10606384277344 0
1774325044927 98.10606384277344 0
1774325102381 98.10606384277344 0
1774325160455 98.10606384277344 0
1774325218778 98.10606384277344 0
1774325276809 98.10606384277344 0
1774325334984 98.10606384277344 0
1774325393622 98.10606384277344 0
1774325454719 98.10606384277344 0
1774325512694 98.10606384277344 0
1774325576006 98.10606384277344 0
1774325636762 98.10606384277344 0
1774325695426 98.10606384277344 0
1774325753707 98.10606384277344 0
1774325811184 98.10606384277344 0
1774325869679 98.10606384277344 0
1774325929417 98.10606384277344 0
1774325987975 98.10606384277344 0
1774326045275 98.10606384277344 0
1774326103118 98.10606384277344 0
1774326162893 98.10606384277344 0
1774326220473 98.10606384277344 0
1774326278115 98.10606384277344 0
1774326335857 98.10606384277344 0
1774326394805 98.10606384277344 0
1774326456042 98.10606384277344 0
1774326513283 98.10606384277344 0
1774326571029 98.10606384277344 0
1774326629410 98.10606384277344 0
1774326687950 98.10606384277344 0
1774326745385 98.10606384277344 0
1774326802394 98.10606384277344 0
1774326867438 98.10606384277344 0
1774326925448 98.10606384277344 0
1774326983100 98.10606384277344 0
1774327040795 98.10606384277344 0
1774327100055 98.10606384277344 0
1774327157957 98.10606384277344 0
1774327219037 98.10606384277344 0
1774327277589 98.10606384277344 0
1774327342760 98.10606384277344 0
1774327401187 98.10606384277344 0
1774327463573 98.10606384277344 0
1774327521133 98.10606384277344 0
1774327579949 98.10606384277344 0
1774327637041 98.10606384277344 0
1774327694595 98.10606384277344 0
1774327752775 98.10606384277344 0
1774327810793 98.10606384277344 0
1774327869535 98.10606384277344 0
1774327928212 98.10606384277344 0
1774327986029 98.10606384277344 0
1774328043423 98.10606384277344 0
1774328101399 98.10606384277344 0
1774328160223 98.10606384277344 0
1774328218418 98.10606384277344 0
1774328276623 98.10606384277344 0
1774328338634 98.10606384277344 0
1774328399474 98.10606384277344 0
1774328457930 98.10606384277344 0
1774328517698 98.10606384277344 0
1774328576070 98.10606384277344 0
1774328633697 98.10606384277344 0
1774328691676 98.10606384277344 0
1774328749781 98.10606384277344 0
1774328807182 98.10606384277344 0
1774328868716 98.10606384277344 0
1774328927905 98.10606384277344 0
1774328985837 98.10606384277344 0
1774329043681 98.10606384277344 0
1774329103125 98.10606384277344 0
1774329161358 98.10606384277344 0
1774329220506 98.10606384277344 0
1774329278024 98.10606384277344 0
1774329336192 98.10606384277344 0
1774329396013 98.10606384277344 0
1774329453752 98.10606384277344 0
1774329511588 98.10606384277344 0
1774329569137 98.10606384277344 0
1774329627106 98.10606384277344 0
1774329684788 98.10606384277344 0
1774329744221 98.10606384277344 0
1774329802810 98.10606384277344 0
1774329860533 98.10606384277344 0
1774329919802 98.10606384277344 0
1774329977162 98.10606384277344 0
1774330035759 98.10606384277344 0
1774330094212 98.10606384277344 0
1774330151914 98.10606384277344 0
1774330213144 98.10606384277344 0
1774330271228 98.10606384277344 0
1774330329038 98.10606384277344 0
1774330385977 98.10606384277344 0
1774330445737 98.10606384277344 0
1774330504387 98.10606384277344 0
1774330563159 98.10606384277344 0
1774330625138 98.10606384277344 0
1774330683131 98.10606384277344 0
1774330741636 98.10606384277344 0
1774330802753 98.10606384277344 0
1774330861043 98.10606384277344 0
1774330919258 98.10606384277344 0
1774330976838 98.10606384277344 0
1774331034632 98.10606384277344 0
1774331092120 98.10606384277344 0
1774331151501 98.10606384277344 0
1774331209137 98.10606384277344 0
1774331267956 98.10606384277344 0
1774331325057 98.10606384277344 0
1774331382804 98.10606384277344 0
1774331441109 98.10606384277344 0
1774331498322 98.10606384277344 0
1774331558549 98.10606384277344 0
1774331617011 98.10606384277344 0
1774331674621 98.10606384277344 0
1774331737342 98.10606384277344 0
1774331796197 98.10606384277344 0
1774331854751 98.10606384277344 0
1774331912465 98.10606384277344 0
1774331971194 98.10606384277344 0
1774332029037 98.10606384277344 0
1774332086836 98.10606384277344 0
1774332145182 98.10606384277344 0
1774332202594 98.10606384277344 0
1774332259700 98.10606384277344 0
1774332319358 98.10606384277344 0
1774332376583 98.10606384277344 0
1774332433938 98.10606384277344 0
1774332491885 98.10606384277344 0
1774332551000 98.10606384277344 0
