1774320868254 8.065421677165425 1
1774320926699 5.080967451296048 2
1774320985525 3.2709275034586716 3
1774321046441 2.063117938693099 4
1774321105570 1.6819252264354496 5
1774321163481 1.2841120666591583 6
1774321220764 0.9704507708692921 7
1774321279461 0.8657396998547389 8
1774321337640 0.7132996659261007 9
1774321396129 0.43989856719170056 10
1774321453916 0.6298574198503165 11
1774321512084 0.5488998479874976 12
1774321575183 0.5018051256920234 13
1774321633925 0.38646482022807677 14
1774321691937 0.4130707164181485 15
1774321749158 0.31729890288634227 16
1774321810863 0.29515244832860643 17
1774321868871 0.18363198601331795 18
1774321927495 0.13857195469613037 19
1774321989175 0.17030083127920984 20
1774322047220 0.09998583829678587 21
1774322106248 0.10698544511429448 22
1774322165310 0.10843383698598638 23
1774322223726 0.0860055432514559 24
1774322281816 0.0738972552257355 25
1774322343815 0.08080610923682857 26
1774322403016 0.039997120108023865 27
1774322460925 0.05310715265526118 28
1774322518835 0.04071292486573354 29
1774322576602 0.04023772828947269 30
1774322634346 0.025357256050499065 31
1774322694078 0.042313195625138134 32
1774322751843 0.02961588264519095 33
1774322810032 0.030380689953987346 34
1774322873571 0.027645268388962387 35
1774322931841 0.01884251133603649 36
1774322989940 0.01983917861906059 37
1774323047600 0.03182830474095806 38
1774323106125 0.022051992816030163 39
1774323164561 0.010833386410342122 40
1774323222463 0.016736815965928277 41
1774323281499 0.015188699327633995 42
1774323339927 0.01919902808424482 43
1774323397377 0.018398995117387653 44
1774323456619 0.018842145077859175 45
1774323514608 0.009287630545562132 46
1774323572435 0.010324222485368111 47
1774323631502 0.010252686232643816 48
1774323689333 0.010613684854888443 49
1774323748966 0.004175992216208613 50
1774323808012 0.024404362171264744 51
1774323867872 0.007358401028034902 52
1774323926845 0.01938283197778623 53
1774323985121 0.012474556502361338 54
1774324043450 0.010341673010756714 55
1774324101984 0.009382256252000495 56
1774324161188 0.012750683874850373 57
1774324219074 0.0024111467822342525 58
1774324276671 0.013821775626430388 59
1774324336573 0.007656841765713935 60
1774324395113 0.006144949583050489 61
1774324452752 0.007581495360832259 62
1774324512821 0.00483377609973665 63
1774324572163 0.015796721854682536 64
1774324629793 0.006615031065620872 65
1774324686768 0.00897801971808093 66
1774324746672 0.007505385697962019 67
1774324807082 0.012358268788626706 68
1774324865706 0.016652068583271118 69
1774324923033 0.005536855214562441 70
1774324981001 0.009991745370811477 71
1774325039348 0.008599706010467662 72
1774325097047 0.0027353717680543487 73
1774325154645 0.00699268922721471 74
1774325213100 0.01262029052512971 75
1774325271366 0.006490905876600837 76
1774325329608 0.00916682563056075 77
1774325388266 0.0021251021999327004 78
1774325449082 0.007776239061687458 79
1774325507349 0.002521862775418979 80
1774325570513 0.006286826439355682 81
1774325631455 0.004575396719304637 82
1774325690052 0.011558024540190193 83
1774325748427 0.0005168697581916289 84
1774325805837 0.014723039480242039 85
1774325864268 0.017266073531957905 86
1774325923780 0.0036516005052380346 87
1774325982413 0.007981937725370576 88
1774326039679 0.007268856705636257 89
1774326097827 0.00883034505521439 90
1774326157393 0.011453986542744292 91
1774326214918 0.005132898869138234 92
1774326272398 0.006750549106261767 93
1774326330297 0.0023117694701003445 94
1774326389481 0.010872780300871042 95
1774326450727 0.013219758202265201 96
1774326507986 0.005022353852463938 97
1774326565289 0.00788565586929236 98
1774326624113 0.008844950735122464 99
1774326682571 0.008386619852906814 100
1774326740141 0.008695935747229877 101
1774326797101 0.002604139548351975 102
1774326862041 0.0037966746746266942 103
1774326920095 0.016622499602197808 104
1774326977774 0.012697285350597477 105
1774327035122 0.015087893423602176 106
1774327094716 0.00791285119201666 107
1774327152652 0.010728282390111263 108
1774327213693 0.006172488470952475 109
1774327271859 0.012094439720919399 110
1774327337481 0.006118484929592861 111
1774327395858 0.003167549850939024 112
1774327457865 0.008085156105306805 113
1774327515588 0.012913729170747736 114
1774327574127 0.0073134391257639 115
1774327631735 0.009674239581896324 116
1774327689098 0.006134781332569769 117
1774327747387 0.011663348042409448 118
1774327805468 0.010989231152845719 119
1774327864055 0.007125005088403557 120
1774327922402 0.013477632624163977 121
1774327980712 0.010896081703908092 122
1774328037952 0.006078973880701158 123
1774328096118 0.008982844171755256 124
1774328154576 0.01019756124442135 125
1774328213027 0.014069121757301217 126
1774328271309 0.0055026523639796635 127
1774328333149 0.007500580378861685 128
1774328394187 0.012192214283637735 129
1774328452589 0.011278699593653636 130
1774328512201 0.0035041938053418423 131
1774328570510 0.00683453422690515 132
1774328628406 0.015957660864237867 133
1774328686283 0.009639494488695678 134
1774328744259 0.008945729855428176 135
1774328801882 0.0007593890532773056 136
1774328863393 0.007084900874957764 137
1774328922552 0.004975018858227009 138
1774328980368 0.013476474929941659 139
1774329038378 0.007873522121330934 140
1774329097718 0.007986654483586202 141
1774329156054 0.011218115232289317 142
1774329215214 0.012381464928133358 143
1774329272614 0.010283641826369493 144
1774329330600 0.00924423790406826 145
1774329390724 0.009743162068356662 146
1774329448467 0.010879358589972538 147
1774329505873 0.0050070152002121854 148
1774329563851 0.00852625587436389 149
1774329621153 0.0032578336271749993 150
1774329679487 0.011168209500541915 151
1774329738912 0.011330475617020956 152
1774329797005 0.0074041374460790425 153
1774329855130 0.009471968085404802 154
1774329914507 0.008099595211201707 155
1774329971853 0.007642693688656043 156
1774330030088 0.010753226329581077 157
1774330088516 0.007538408276954916 158
1774330146456 0.00906931075311457 159
1774330207573 0.007231924804112794 160
1774330265722 0.010022988278746885 161
1774330323397 0.010401528185265713 162
1774330380670 0.005161077163636802 163
1774330440398 0.004433494487556487 164
1774330498742 0.006982862254819063 165
1774330557678 0.01532093285590418 166
1774330619850 0.008310207934418152 167
1774330677857 0.004362547103036295 168
1774330736019 0.005484488897065704 169
1774330797275 0.005788347662366273 170
1774330854881 0.007706361774662916 171
1774330913809 0.009574757972732335 172
1774330971657 0.0034884936162227977 173
1774331029026 0.007675981766402992 174
1774331086621 0.0062311023214633955 175
1774331145944 0.00832589346270022 176
1774331203763 0.01683956101391555 177
1774331262577 0.011205806696012822 178
1774331319798 0.004239363753765985 179
1774331377468 0.009068340779075822 180
1774331435787 0.014834826241191236 181
1774331492997 0.011223472146026866 182
1774331552815 0.004171501100684166 183
1774331611540 0.009229939369364832 184
1774331669313 0.0027422843074034163 185
1774331731969 0.009889395491735559 186
1774331790561 0.011602301210279236 187
1774331848661 0.011035611854432003 188
1774331907320 0.007710845979773546 189
1774331965398 0.015644922486817894 190
1774332023917 0.00869204584610994 191
1774332081497 0.01450422832516204 192
1774332139578 0.0002461994950586851 193
1774332197305 0.008286283848298609 194
1774332254419 0.013774195860938143 195
1774332313987 0.01700658821002761 196
1774332371243 0.004608321868683233 197
1774332428639 0.012755477037333523 198
1774332486226 0.003010389418573443 199
1774332545213 0.01163926309306725 200
