1774320873759 0.001 1
1774320932446 0.001 2
1774320991064 0.001 3
1774321051958 0.001 4
1774321111421 0.001 5
1774321168745 0.001 6
1774321226037 0.001 7
1774321284766 0.001 8
1774321343130 0.001 9
1774321401587 0.001 10
1774321459172 0.001 11
1774321518136 0.001 12
1774321580591 0.001 13
1774321639323 0.001 14
1774321697218 0.001 15
1774321754488 0.001 16
1774321816192 0.0005 17
1774321874166 0.0005 18
1774321932991 0.0005 19
1774321994505 0.0005 20
1774322052741 0.0005 21
1774322111585 0.0005 22
1774322170946 0.00025 23
1774322229264 0.00025 24
1774322287842 0.00025 25
1774322349194 0.00025 26
1774322408320 0.00025 27
1774322466606 0.00025 28
1774322524106 0.000125 29
1774322582011 0.000125 30
1774322639579 0.000125 31
1774322699992 0.000125 32
1774322757538 0.000125 33
1774322815427 0.000125 34
1774322879188 6.25e-05 35
1774322937319 6.25e-05 36
1774322995374 6.25e-05 37
1774323052981 6.25e-05 38
1774323111852 6.25e-05 39
1774323170270 6.25e-05 40
1774323228216 3.125e-05 41
1774323287464 3.125e-05 42
1774323345210 3.125e-05 43
1774323402970 3.125e-05 44
1774323462074 3.125e-05 45
1774323520449 3.125e-05 46
1774323578145 1.5625e-05 47
1774323636954 1.5625e-05 48
1774323694715 1.5625e-05 49
1774323754409 1.5625e-05 50
1774323813746 1.5625e-05 51
1774323873190 1.5625e-05 52
1774323932402 7.8125e-06 53
1774323990960 7.8125e-06 54
1774324049314 7.8125e-06 55
1774324108202 7.8125e-06 56
1774324166885 7.8125e-06 57
1774324224473 7.8125e-06 58
1774324282466 3.90625e-06 59
1774324341870 3.90625e-06 60
1774324400659 3.90625e-06 61
1774324457980 3.90625e-06 62
1774324518402 3.90625e-06 63
1774324577751 3.90625e-06 64
1774324635038 1.953125e-06 65
1774324692063 1.953125e-06 66
1774324751939 1.953125e-06 67
1774324812735 1.953125e-06 68
1774324871160 1.953125e-06 69
1774324928552 1.953125e-06 70
1774324986476 9.765625e-07 71
1774325044929 9.765625e-07 72
1774325102383 9.765625e-07 73
1774325160457 9.765625e-07 74
1774325218780 9.765625e-07 75
1774325276810 9.765625e-07 76
1774325334986 4.8828125e-07 77
1774325393623 4.8828125e-07 78
1774325454721 4.8828125e-07 79
1774325512696 4.8828125e-07 80
1774325576008 4.8828125e-07 81
1774325636764 4.8828125e-07 82
1774325695428 2.44140625e-07 83
1774325753709 2.44140625e-07 84
1774325811185 2.44140625e-07 85
1774325869680 2.44140625e-07 86
1774325929419 2.44140625e-07 87
1774325987976 2.44140625e-07 88
1774326045277 1.220703125e-07 89
1774326103119 1.220703125e-07 90
1774326162895 1.220703125e-07 91
1774326220475 1.220703125e-07 92
1774326278117 1.220703125e-07 93
1774326335859 1.220703125e-07 94
1774326394807 6.103515625e-08 95
1774326456045 6.103515625e-08 96
1774326513285 6.103515625e-08 97
1774326571031 6.103515625e-08 98
1774326629412 6.103515625e-08 99
1774326687951 6.103515625e-08 100
1774326745387 3.0517578125e-08 101
1774326802396 3.0517578125e-08 102
1774326867439 3.0517578125e-08 103
1774326925450 3.0517578125e-08 104
1774326983102 3.0517578125e-08 105
1774327040797 3.0517578125e-08 106
1774327100057 1.52587890625e-08 107
1774327157959 1.52587890625e-08 108
1774327219040 1.52587890625e-08 109
1774327277590 1.52587890625e-08 110
1774327342762 1.52587890625e-08 111
1774327401189 1.52587890625e-08 112
1774327463575 1.52587890625e-08 113
1774327521135 1.52587890625e-08 114
1774327579951 1.52587890625e-08 115
1774327637043 1.52587890625e-08 116
1774327694597 1.52587890625e-08 117
1774327752777 1.52587890625e-08 118
1774327810795 1.52587890625e-08 119
1774327869536 1.52587890625e-08 120
1774327928214 1.52587890625e-08 121
1774327986031 1.52587890625e-08 122
1774328043425 1.52587890625e-08 123
1774328101401 1.52587890625e-08 124
1774328160225 1.52587890625e-08 125
1774328218420 1.52587890625e-08 126
1774328276625 1.52587890625e-08 127
1774328338636 1.52587890625e-08 128
1774328399476 1.52587890625e-08 129
1774328457933 1.52587890625e-08 130
1774328517700 1.52587890625e-08 131
1774328576073 1.52587890625e-08 132
1774328633699 1.52587890625e-08 133
1774328691678 1.52587890625e-08 134
1774328749783 1.52587890625e-08 135
1774328807184 1.52587890625e-08 136
1774328868718 1.52587890625e-08 137
1774328927907 1.52587890625e-08 138
1774328985839 1.52587890625e-08 139
1774329043683 1.52587890625e-08 140
1774329103127 1.52587890625e-08 141
1774329161360 1.52587890625e-08 142
1774329220507 1.52587890625e-08 143
1774329278026 1.52587890625e-08 144
1774329336194 1.52587890625e-08 145
1774329396015 1.52587890625e-08 146
1774329453754 1.52587890625e-08 147
1774329511589 1.52587890625e-08 148
1774329569139 1.52587890625e-08 149
1774329627108 1.52587890625e-08 150
1774329684790 1.52587890625e-08 151
1774329744224 1.52587890625e-08 152
1774329802812 1.52587890625e-08 153
1774329860535 1.52587890625e-08 154
1774329919804 1.52587890625e-08 155
1774329977164 1.52587890625e-08 156
1774330035761 1.52587890625e-08 157
1774330094214 1.52587890625e-08 158
1774330151916 1.52587890625e-08 159
1774330213146 1.52587890625e-08 160
1774330271230 1.52587890625e-08 161
1774330329040 1.52587890625e-08 162
1774330385979 1.52587890625e-08 163
1774330445739 1.52587890625e-08 164
1774330504389 1.52587890625e-08 165
1774330563161 1.52587890625e-08 166
1774330625139 1.52587890625e-08 167
1774330683132 1.52587890625e-08 168
1774330741638 1.52587890625e-08 169
1774330802754 1.52587890625e-08 170
1774330861046 1.52587890625e-08 171
1774330919260 1.52587890625e-08 172
1774330976839 1.52587890625e-08 173
1774331034634 1.52587890625e-08 174
1774331092122 1.52587890625e-08 175
1774331151503 1.52587890625e-08 176
1774331209138 1.52587890625e-08 177
1774331267958 1.52587890625e-08 178
1774331325059 1.52587890625e-08 179
1774331382806 1.52587890625e-08 180
1774331441111 1.52587890625e-08 181
1774331498323 1.52587890625e-08 182
1774331558551 1.52587890625e-08 183
1774331617012 1.52587890625e-08 184
1774331674623 1.52587890625e-08 185
1774331737344 1.52587890625e-08 186
1774331796199 1.52587890625e-08 187
1774331854753 1.52587890625e-08 188
1774331912467 1.52587890625e-08 189
1774331971196 1.52587890625e-08 190
1774332029039 1.52587890625e-08 191
1774332086838 1.52587890625e-08 192
1774332145184 1.52587890625e-08 193
1774332202596 1.52587890625e-08 194
1774332259702 1.52587890625e-08 195
1774332319359 1.52587890625e-08 196
1774332376586 1.52587890625e-08 197
1774332433940 1.52587890625e-08 198
1774332491887 1.52587890625e-08 199
1774332551002 1.52587890625e-08 200
