1774164849764 6.453999996185303 1
1774165181894 12.380000114440918 2
1774165509951 15.793999671936035 3
1774165842335 19.513999938964844 4
1774166172722 22.743999481201172 5
1774166503780 26.288000106811523 6
1774166834457 29.729999542236328 7
1774167164313 32.37199783325195 8
1774167494926 34.72599792480469 9
1774167825302 36.32600021362305 10
1774168157388 38.53799819946289 11
1774168485298 40.48999786376953 12
1774168817559 41.986000061035156 13
1774169147719 43.31999969482422 14
1774169478097 44.85199737548828 15
