1774164876612 10.279999732971191 0
1774165208069 14.889999389648438 0
1774165536498 19.489999771118164 0
1774165869146 22.739999771118164 0
1774166198895 27.689998626708984 0
1774166530596 30.469999313354492 0
1774166861201 33.689998626708984 0
1774167191161 34.71999740600586 0
1774167521800 38.0 0
1774167852092 38.70000076293945 0
1774168183578 42.09000015258789 0
1774168511847 42.89999771118164 0
1774168844371 44.65999984741211 0
1774169173906 44.65999984741211 0
1774169504868 46.34000015258789 0
