1774164849766 8.327720451965332 1
1774165181896 8.421339887695312 2
1774165509954 8.316209898376465 3
1774165842339 8.101419491882325 4
1774166172726 7.906775457000732 5
1774166503784 7.6970250003051754 6
1774166834459 7.434094683532715 7
1774167164316 7.246076825256347 8
1774167494930 7.032225073242188 9
1774167825305 6.934409399108887 10
1774168157392 6.679975152893066 11
1774168485302 6.49023236328125 12
1774168817562 6.32381610168457 13
1774169147722 6.178133923950195 14
1774169478100 6.037452947235107 15
