1774010896520 44.9379997253418 1
1774011150371 60.84000015258789 2
1774011406045 67.78599548339844 3
1774011660656 72.08999633789062 4
1774011915499 75.0 5
1774012171409 77.04399871826172 6
1774012425509 78.8239974975586 7
1774012679207 80.11399841308594 8
1774012934347 81.45399475097656 9
1774013188191 82.40399932861328 10
1774013442213 83.19599914550781 11
1774013697089 84.30999755859375 12
1774013950087 85.05799865722656 13
1774014205318 85.86000061035156 14
1774014460081 86.593994140625 15
1774014712953 87.00999450683594 16
1774014967281 87.4739990234375 17
1774015223189 87.94400024414062 18
1774015475314 88.46599578857422 19
1774015730300 88.74199676513672 20
1774015984868 89.01599884033203 21
1774016237242 89.51599884033203 22
1774016492228 89.87799835205078 23
1774016746855 89.94999694824219 24
1774016998993 90.5260009765625 25
1774017254191 90.78399658203125 26
1774017509740 90.94400024414062 27
1774017761708 91.41199493408203 28
1774018016570 91.43199920654297 29
1774018271514 91.75199890136719 30
1774018524647 91.96199798583984 31
1774018779455 93.55199432373047 32
1774019034173 93.95800018310547 33
1774019286349 94.33399963378906 34
1774019541858 94.20199584960938 35
1774019796956 94.34600067138672 36
1774020048871 94.47599792480469 37
1774020303821 94.67599487304688 38
1774020559135 94.7760009765625 39
1774020811363 95.51799774169922 40
1774021066346 95.82799530029297 41
1774021321522 95.69200134277344 42
1774021573764 95.83599853515625 43
1774021829596 95.7979965209961 44
1774022084669 95.91399383544922 45
1774022336904 96.28199768066406 46
1774022591825 96.42799377441406 47
1774022847367 96.3219985961914 48
1774023099382 96.29399871826172 49
1774023354357 96.53599548339844 50
1774023609094 96.3499984741211 51
1774023862577 96.68999481201172 52
1774024117236 96.72000122070312 53
1774024371336 96.79399871826172 54
1774024623983 96.78799438476562 55
1774024879096 96.85399627685547 56
1774025133574 96.87799835205078 57
1774025387004 96.85799407958984 58
1774025642118 97.00799560546875 59
1774025895540 96.92799377441406 60
1774026149840 97.00599670410156 61
1774026404746 97.0 62
1774026657883 97.06399536132812 63
1774026911687 96.96199798583984 64
1774027167339 97.08799743652344 65
1774027420088 96.9739990234375 66
1774027674147 97.04399871826172 67
1774027928874 96.98999786376953 68
1774028182119 97.14799499511719 69
1774028436422 97.01399993896484 70
1774028691234 96.86799621582031 71
1774028943426 96.96399688720703 72
1774029198673 97.03599548339844 73
1774029453655 97.13399505615234 74
1774029705742 96.99800109863281 75
1774029960303 97.0219955444336 76
1774030215059 96.99800109863281 77
1774030467839 97.0479965209961 78
1774030722605 97.08999633789062 79
1774030977331 97.0260009765625 80
1774031229476 96.95199584960938 81
1774031485072 97.11199951171875 82
1774031739869 97.10599517822266 83
1774031991881 96.96399688720703 84
1774032246658 97.09600067138672 85
1774032502181 97.06399536132812 86
1774032753874 97.1520004272461 87
1774033008857 97.10399627685547 88
1774033263773 97.16999816894531 89
1774033516403 97.07599639892578 90
1774033771515 97.12799835205078 91
1774034026622 97.04000091552734 92
1774034278753 97.1240005493164 93
1774034533847 97.00599670410156 94
1774034789308 97.13599395751953 95
1774035041392 97.01799774169922 96
1774035296589 97.19999694824219 97
1774035551498 97.03199768066406 98
1774035804351 97.08999633789062 99
1774036059198 97.15599822998047 100
1774036314053 97.00799560546875 101
1774036566190 97.25399780273438 102
1774036821840 97.12199401855469 103
1774037076649 97.10799407958984 104
1774037328774 97.093994140625 105
1774037583585 97.02999877929688 106
1774037838956 97.08999633789062 107
1774038091171 97.1240005493164 108
1774038345973 97.02399444580078 109
1774038600393 97.03199768066406 110
1774038853114 97.093994140625 111
1774039108462 97.11599731445312 112
1774039362589 97.08399963378906 113
1774039615497 97.06199645996094 114
1774039870367 97.06599426269531 115
1774040125043 97.13599395751953 116
1774040378040 97.11599731445312 117
1774040632700 97.12799835205078 118
1774040886239 97.10599517822266 119
1774041140287 97.24800109863281 120
1774041395240 97.19200134277344 121
1774041648304 97.08799743652344 122
1774041902047 97.08799743652344 123
1774042157622 97.00399780273438 124
1774042410595 96.98199462890625 125
1774042664612 97.1199951171875 126
1774042919516 97.01399993896484 127
1774043172356 97.00399780273438 128
1774043427188 97.05599975585938 129
1774043682039 97.0979995727539 130
1774043934138 97.08799743652344 131
1774044188780 97.10799407958984 132
1774044444366 97.08999633789062 133
1774044696454 97.1259994506836 134
1774044951228 97.05999755859375 135
1774045205973 97.18799591064453 136
1774045458345 96.97999572753906 137
1774045713116 97.11799621582031 138
1774045967961 97.03599548339844 139
1774046220135 97.197998046875 140
1774046475662 97.15799713134766 141
1774046730419 97.05400085449219 142
1774046982518 97.14199829101562 143
1774047237959 97.08599853515625 144
1774047493669 97.1520004272461 145
1774047746495 97.12799835205078 146
1774048001494 97.06800079345703 147
1774048256442 97.08599853515625 148
1774048508393 97.093994140625 149
1774048763754 97.13800048828125 150
1774049018525 97.10399627685547 151
1774049270493 97.19599914550781 152
1774049525116 97.03799438476562 153
1774049780615 97.11399841308594 154
1774050032694 97.10199737548828 155
1774050287422 97.08999633789062 156
1774050542149 96.98799896240234 157
1774050794910 96.99800109863281 158
1774051049807 96.99800109863281 159
1774051304525 97.23799896240234 160
1774051556393 97.00799560546875 161
1774051811687 97.05999755859375 162
1774052066619 97.07799530029297 163
1774052318548 97.09199523925781 164
1774052573272 97.03799438476562 165
1774052828069 97.09199523925781 166
1774053080786 97.0719985961914 167
1774053335594 97.03199768066406 168
1774053590233 96.99800109863281 169
1774053842533 97.06999969482422 170
1774054098134 97.06399536132812 171
1774054352371 97.03799438476562 172
1774054604887 97.04999542236328 173
1774054859582 97.0719985961914 174
1774055114291 97.05599975585938 175
1774055366990 97.15799713134766 176
1774055621780 97.10199737548828 177
1774055875529 97.18599700927734 178
1774056129362 97.0459976196289 179
1774056384253 97.08999633789062 180
1774056637480 97.11599731445312 181
1774056891165 97.1199951171875 182
1774057146293 97.14599609375 183
1774057399686 97.17399597167969 184
1774057653587 97.11000061035156 185
1774057908272 97.00199890136719 186
1774058160803 97.13800048828125 187
1774058415660 97.13399505615234 188
1774058670476 97.13199615478516 189
1774058922876 97.08200073242188 190
1774059177414 97.0979995727539 191
1774059432880 97.06599426269531 192
1774059684932 97.15399932861328 193
1774059939833 97.02399444580078 194
1774060194632 97.16600036621094 195
1774060447282 97.09600067138672 196
1774060702170 97.0999984741211 197
1774060956914 97.08200073242188 198
1774061209002 97.0719985961914 199
1774061464049 96.92399597167969 200
