1774010916350 62.64999771118164 0
1774011171145 69.66999816894531 0
1774011426878 73.94999694824219 0
1774011680894 78.48999786376953 0
1774011935620 79.8499984741211 0
1774012192204 80.91999816894531 0
1774012445805 82.25999450683594 0
1774012699998 83.91999816894531 0
1774012955115 83.91999816894531 0
1774013208417 85.38999938964844 0
1774013462994 85.38999938964844 0
1774013717850 85.56999969482422 0
1774013970334 86.90999603271484 0
1774014226091 86.90999603271484 0
1774014480835 87.0 0
1774014733205 87.0 0
1774014988041 88.52999877929688 0
1774015243658 88.52999877929688 0
1774015495923 89.52999877929688 0
1774015751038 89.52999877929688 0
1774016005580 89.52999877929688 0
1774016257336 89.52999877929688 0
1774016512954 89.52999877929688 0
1774016767570 89.57999420166016 0
1774017019726 89.80999755859375 0
1774017274857 89.80999755859375 0
1774017530486 89.80999755859375 0
1774017782452 89.80999755859375 0
1774018037342 89.80999755859375 0
1774018292260 89.81999969482422 0
1774018545378 89.81999969482422 0
1774018800186 90.95999908447266 0
1774019054916 91.19999694824219 0
1774019307072 91.19999694824219 0
1774019562281 91.30999755859375 0
1774019817703 91.30999755859375 0
1774020069595 91.50999450683594 0
1774020324555 91.50999450683594 0
1774020579339 91.50999450683594 0
1774020832110 91.65999603271484 0
1774021087095 91.88999938964844 0
1774021342263 92.0 0
1774021594469 92.02999877929688 0
1774021850354 92.1199951171875 0
1774022105203 92.12999725341797 0
1774022357644 92.22000122070312 0
1774022612571 92.22000122070312 0
1774022867551 92.22000122070312 0
1774023120104 92.23999786376953 0
1774023375075 92.3499984741211 0
1774023629344 92.38999938964844 0
1774023882874 92.38999938964844 0
1774024137945 92.38999938964844 0
1774024391571 92.38999938964844 0
1774024644706 92.38999938964844 0
1774024899369 92.43000030517578 0
1774025153746 92.47999572753906 0
1774025407736 92.55999755859375 0
1774025662857 92.55999755859375 0
1774025915775 92.55999755859375 0
1774026170595 92.55999755859375 0
1774026425489 92.55999755859375 0
1774026678113 92.55999755859375 0
1774026932442 92.55999755859375 0
1774027188079 92.55999755859375 0
1774027440305 92.55999755859375 0
1774027694887 92.55999755859375 0
1774027949590 92.55999755859375 0
1774028202049 92.55999755859375 0
1774028457140 92.55999755859375 0
1774028711975 92.55999755859375 0
1774028964141 92.55999755859375 0
1774029218835 92.55999755859375 0
1774029474385 92.55999755859375 0
1774029726447 92.55999755859375 0
1774029981017 92.55999755859375 0
1774030235761 92.55999755859375 0
1774030488595 92.55999755859375 0
1774030743310 92.55999755859375 0
1774030998083 92.55999755859375 0
1774031250216 92.55999755859375 0
1774031505786 92.55999755859375 0
1774031760598 92.55999755859375 0
1774032012628 92.55999755859375 0
1774032267370 92.55999755859375 0
1774032522677 92.55999755859375 0
1774032774624 92.55999755859375 0
1774033029603 92.55999755859375 0
1774033284517 92.55999755859375 0
1774033536726 92.55999755859375 0
1774033792248 92.58999633789062 0
1774034047339 92.58999633789062 0
1774034299502 92.58999633789062 0
1774034554407 92.58999633789062 0
1774034810050 92.58999633789062 0
1774035062168 92.69999694824219 0
1774035317344 92.69999694824219 0
1774035572228 92.69999694824219 0
1774035825104 92.69999694824219 0
1774036079935 92.69999694824219 0
1774036334813 92.69999694824219 0
1774036586934 92.69999694824219 0
1774036842406 92.69999694824219 0
1774037097166 92.69999694824219 0
1774037349500 92.69999694824219 0
1774037604312 92.69999694824219 0
1774037858735 92.69999694824219 0
1774038111907 92.69999694824219 0
1774038366714 92.69999694824219 0
1774038620630 92.69999694824219 0
1774038873588 92.69999694824219 0
1774039129215 92.69999694824219 0
1774039382841 92.69999694824219 0
1774039636249 92.69999694824219 0
1774039891108 92.69999694824219 0
1774040145200 92.69999694824219 0
1774040398747 92.69999694824219 0
1774040653476 92.69999694824219 0
1774040906353 92.69999694824219 0
1774041161044 92.69999694824219 0
1774041415967 92.69999694824219 0
1774041668541 92.69999694824219 0
1774041922793 92.69999694824219 0
1774042177936 92.69999694824219 0
1774042430824 92.69999694824219 0
1774042685355 92.69999694824219 0
1774042940228 92.69999694824219 0
1774043192316 92.69999694824219 0
1774043447901 92.69999694824219 0
1774043702768 92.69999694824219 0
1774043954740 92.69999694824219 0
1774044209549 92.69999694824219 0
1774044465099 92.69999694824219 0
1774044717181 92.69999694824219 0
1774044971953 92.69999694824219 0
1774045226680 92.69999694824219 0
1774045479063 92.69999694824219 0
1774045733847 92.69999694824219 0
1774045988730 92.69999694824219 0
1774046240853 92.69999694824219 0
1774046496006 92.69999694824219 0
1774046751158 92.69999694824219 0
1774047003361 92.69999694824219 0
1774047258727 92.69999694824219 0
1774047513929 92.69999694824219 0
1774047767239 92.69999694824219 0
1774048022240 92.69999694824219 0
1774048277188 92.69999694824219 0
1774048529116 92.69999694824219 0
1774048784514 92.69999694824219 0
1774049039277 92.69999694824219 0
1774049291229 92.69999694824219 0
1774049545841 92.69999694824219 0
1774049801368 92.69999694824219 0
1774050053412 92.69999694824219 0
1774050308142 92.69999694824219 0
1774050562880 92.69999694824219 0
1774050815415 92.69999694824219 0
1774051070545 92.69999694824219 0
1774051325257 92.69999694824219 0
1774051577130 92.69999694824219 0
1774051831866 92.69999694824219 0
1774052087357 92.69999694824219 0
1774052339296 92.69999694824219 0
1774052593987 92.69999694824219 0
1774052848297 92.69999694824219 0
1774053101533 92.69999694824219 0
1774053356339 92.69999694824219 0
1774053610489 92.69999694824219 0
1774053863252 92.69999694824219 0
1774054118868 92.69999694824219 0
1774054372620 92.69999694824219 0
1774054625596 92.69999694824219 0
1774054880307 92.69999694824219 0
1774055134211 92.69999694824219 0
1774055387705 92.69999694824219 0
1774055642520 92.69999694824219 0
1774055895666 92.69999694824219 0
1774056149688 92.69999694824219 0
1774056405002 92.69999694824219 0
1774056657706 92.69999694824219 0
1774056911922 92.69999694824219 0
1774057166808 92.69999694824219 0
1774057419918 92.69999694824219 0
1774057674347 92.69999694824219 0
1774057928991 92.69999694824219 0
1774058180913 92.69999694824219 0
1774058436387 92.69999694824219 0
1774058691244 92.69999694824219 0
1774058943337 92.69999694824219 0
1774059198140 92.69999694824219 0
1774059453463 92.69999694824219 0
1774059705673 92.69999694824219 0
1774059960578 92.69999694824219 0
1774060215370 92.69999694824219 0
1774060467565 92.69999694824219 0
1774060722888 92.69999694824219 0
1774060977647 92.69999694824219 0
1774061229725 92.69999694824219 0
1774061484476 92.69999694824219 0
