1774010896522 1.5108704692840575 1
1774011150374 1.0935369240951538 2
1774011406049 0.9174273320007325 3
1774011660659 0.7974462156486511 4
1774011915501 0.7195419231414795 5
1774012171411 0.6604597104263306 6
1774012425511 0.6099616734409332 7
1774012679209 0.5731499207305908 8
1774012934350 0.5347247776222229 9
1774013188193 0.5053590605735779 10
1774013442216 0.48363650268554687 11
1774013697092 0.4544700240802765 12
1774013950090 0.4310844594860077 13
1774014205321 0.40818931317329404 14
1774014460084 0.38874037618637086 15
1774014712954 0.37453449012756346 16
1774014967284 0.3586905393695831 17
1774015223191 0.34847291408538816 18
1774015475318 0.3320172049999237 19
1774015730303 0.3224618860435486 20
1774015984869 0.31306358291625974 21
1774016237243 0.30307684242248534 22
1774016492230 0.28978405539512636 23
1774016746856 0.28587410618782044 24
1774016998995 0.2732549712562561 25
1774017254194 0.2669493108844757 26
1774017509743 0.25709825344085696 27
1774017761712 0.24624043119430541 28
1774018016573 0.24720693897247314 29
1774018271517 0.23608472340583803 30
1774018524649 0.23247329444885254 31
1774018779457 0.18542562610149382 32
1774019034176 0.17304318446159364 33
1774019286352 0.16182481865406037 34
1774019541861 0.16553464361667633 35
1774019796959 0.16190308586001395 36
1774020048874 0.15840467074155806 37
1774020303824 0.15355995527744293 38
1774020559138 0.14879902653217317 39
1774020811366 0.12846028957128525 40
1774021066347 0.12108314494609833 41
1774021321524 0.12027799726486206 42
1774021573767 0.11948591695547103 43
1774021829599 0.11977456515312195 44
1774022084672 0.11480756293773652 45
1774022336907 0.10880085326910019 46
1774022591828 0.10133773089647292 47
1774022847371 0.10573198908090592 48
1774023099385 0.10566448890209199 49
1774023354360 0.09794728754758834 50
1774023609097 0.10338486322760582 51
1774023862580 0.09580488230586053 52
1774024117239 0.0936247029364109 53
1774024371338 0.09371221347808838 54
1774024623985 0.09195024002313613 55
1774024879097 0.09355181727647781 56
1774025133578 0.09087704139232636 57
1774025387007 0.09070612441301346 58
1774025642122 0.0856414084982872 59
1774025895543 0.08938054073214531 60
1774026149843 0.08573326325893402 61
1774026404749 0.0877722617840767 62
1774026657885 0.08468473275899888 63
1774026911690 0.08680341782569885 64
1774027167342 0.08315984618425369 65
1774027420091 0.08605838604688644 66
1774027674151 0.08770251636624336 67
1774027928877 0.08594420286595822 68
1774028182120 0.08195236612796783 69
1774028436425 0.08668941488981247 70
1774028691237 0.09095855524301528 71
1774028943429 0.08838108066082001 72
1774029198676 0.08505246104001998 73
1774029453658 0.08207838317513466 74
1774029705745 0.08607128192424775 75
1774029960305 0.0870829477405548 76
1774030215062 0.0848635132086277 77
1774030467842 0.08442284416556359 78
1774030722608 0.08473597009658813 79
1774030977334 0.08467564384937286 80
1774031229479 0.08717253900527955 81
1774031485073 0.08320106380224228 82
1774031739871 0.08263685981869698 83
1774031991884 0.08681642306089402 84
1774032246660 0.08414241580486298 85
1774032502184 0.08374340856552125 86
1774032753877 0.08226976417064667 87
1774033008861 0.08236830902338028 88
1774033263776 0.0817720975637436 89
1774033516407 0.08284982496261596 90
1774033771518 0.08236579487800598 91
1774034026625 0.08414409098386764 92
1774034278755 0.08285423494935036 93
1774034533850 0.08679798289775849 94
1774034789311 0.08348961278676986 95
1774035041395 0.08554169759273529 96
1774035296592 0.0819863408780098 97
1774035551501 0.08340453291177749 98
1774035804355 0.08371343366622924 99
1774036059201 0.08007078065872192 100
1774036314056 0.0854789548766613 101
1774036566193 0.07861723825931549 102
1774036821843 0.081184847946167 103
1774037076651 0.08326391348600387 104
1774037328775 0.0823583823800087 105
1774037583587 0.08435370756626129 106
1774037838959 0.08492340556621551 107
1774038091174 0.08434221329212188 108
1774038345976 0.0835388217997551 109
1774038600396 0.08346518632173539 110
1774038853117 0.08187527259111405 111
1774039108465 0.08334279471158981 112
1774039362592 0.08380722292661667 113
1774039615500 0.08392746790885926 114
1774039870370 0.08401492018938064 115
1774040125046 0.08383279235482216 116
1774040378043 0.08146068011045456 117
1774040632703 0.08272660528659821 118
1774040886241 0.08432528285980224 119
1774041140290 0.07921017677187919 120
1774041395242 0.08014592247247695 121
1774041648308 0.08345969178915023 122
1774041902050 0.08261023680448532 123
1774042157625 0.08480052797317505 124
1774042410598 0.08600764531850814 125
1774042664615 0.08370850060224533 126
1774042919519 0.08464727997779846 127
1774043172359 0.08559374474287033 128
1774043427191 0.08442764770030975 129
1774043682041 0.08241460109710694 130
1774043934141 0.08404217035889626 131
1774044188783 0.08349185323357582 132
1774044444369 0.08577656229615212 133
1774044696457 0.0822343066239357 134
1774044951231 0.0854362403345108 135
1774045205975 0.08209340856671334 136
1774045458348 0.08445695339918137 137
1774045713119 0.08395370279669762 138
1774045967964 0.08271106153726578 139
1774046220138 0.08015629060506821 140
1774046475665 0.08193027968525887 141
1774046730422 0.0840464176940918 142
1774046982521 0.08099023384690285 143
1774047237962 0.0829339223229885 144
1774047493671 0.08247185840129852 145
1774047746497 0.0832690961432457 146
1774048001498 0.08427982867956162 147
1774048256444 0.08342413736343383 148
1774048508396 0.08207502799868584 149
1774048763758 0.08134356001853943 150
1774049018527 0.08410155606746673 151
1774049270497 0.08032375231266022 152
1774049525119 0.08662920508384704 153
1774049780618 0.08244701648235321 154
1774050032696 0.08195828650176525 155
1774050287425 0.0826629745554924 156
1774050542153 0.08516317605257034 157
1774050794913 0.08562053214311599 158
1774051049810 0.08464563827514648 159
1774051304528 0.08127601431369781 160
1774051556396 0.08530091405272484 161
1774051811689 0.08472525714993477 162
1774052066622 0.08377745442390441 163
1774052318551 0.08420787722587586 164
1774052573275 0.08511496619820595 165
1774052828072 0.08258727382183075 166
1774053080789 0.08310712286233903 167
1774053335597 0.08493052004814149 168
1774053590235 0.0860086693239212 169
1774053842536 0.08265809535980224 170
1774054098137 0.08462863575935364 171
1774054352374 0.0857555021750927 172
1774054604890 0.08337297303915024 173
1774054859585 0.08376883752346038 174
1774055114294 0.08362372568964958 175
1774055366994 0.08249951407670975 176
1774055621783 0.08294511291623116 177
1774055875532 0.08246891320466995 178
1774056129365 0.08425785257816315 179
1774056384256 0.08367659924268722 180
1774056637484 0.08162444162011147 181
1774056891169 0.08238052011489869 182
1774057146296 0.08147582461833953 183
1774057399690 0.08107565541505814 184
1774057653590 0.08476527053833008 185
1774057908275 0.08467155041217804 186
1774058160806 0.08253747579216957 187
1774058415662 0.081888447098732 188
1774058670477 0.08389556717634201 189
1774058922879 0.08297265854358674 190
1774059177417 0.08357239729866385 191
1774059432883 0.08358563084840774 192
1774059684936 0.08380202161312103 193
1774059939836 0.08400804643630981 194
1774060194635 0.0832540803694725 195
1774060447284 0.08320133996963501 196
1774060702173 0.08273178881168365 197
1774060956917 0.08614566966295242 198
1774061209005 0.08561889783859253 199
1774061464052 0.08609327892780304 200
