1774010916480 0.001 1
1774011171447 0.001 2
1774011427171 0.001 3
1774011681179 0.001 4
1774011935905 0.001 5
1774012192517 0.001 6
1774012446109 0.001 7
1774012700294 0.001 8
1774012955116 0.001 9
1774013208709 0.001 10
1774013462995 0.001 11
1774013718111 0.001 12
1774013970637 0.001 13
1774014226092 0.001 14
1774014481122 0.001 15
1774014733207 0.001 16
1774014988320 0.001 17
1774015243660 0.001 18
1774015496220 0.001 19
1774015751040 0.001 20
1774016005580 0.001 21
1774016257338 0.001 22
1774016512955 0.001 23
1774016767866 0.001 24
1774017019981 0.001 25
1774017274858 0.001 26
1774017530487 0.001 27
1774017782453 0.001 28
1774018037343 0.001 29
1774018292529 0.001 30
1774018545379 0.0005 31
1774018800447 0.0005 32
1774019055195 0.0005 33
1774019307073 0.0005 34
1774019562534 0.0005 35
1774019817704 0.0005 36
1774020069869 0.0005 37
1774020324556 0.0005 38
1774020579341 0.00025 39
1774020832382 0.00025 40
1774021087399 0.00025 41
1774021342577 0.00025 42
1774021594719 0.00025 43
1774021850629 0.00025 44
1774022105472 0.000125 45
1774022357924 0.000125 46
1774022612573 0.000125 47
1774022867552 0.000125 48
1774023120387 0.000125 49
1774023375371 0.000125 50
1774023629645 6.25e-05 51
1774023882876 6.25e-05 52
1774024137946 6.25e-05 53
1774024391572 6.25e-05 54
1774024644707 6.25e-05 55
1774024899722 6.25e-05 56
1774025154036 3.125e-05 57
1774025408065 3.125e-05 58
1774025662858 3.125e-05 59
1774025915776 3.125e-05 60
1774026170596 3.125e-05 61
1774026425490 3.125e-05 62
1774026678115 1.5625e-05 63
1774026932444 1.5625e-05 64
1774027188080 1.5625e-05 65
1774027440307 1.5625e-05 66
1774027694889 1.5625e-05 67
1774027949591 1.5625e-05 68
1774028202051 7.8125e-06 69
1774028457141 7.8125e-06 70
1774028711977 7.8125e-06 71
1774028964143 7.8125e-06 72
1774029218836 7.8125e-06 73
1774029474386 7.8125e-06 74
1774029726448 3.90625e-06 75
1774029981019 3.90625e-06 76
1774030235762 3.90625e-06 77
1774030488596 3.90625e-06 78
1774030743312 3.90625e-06 79
1774030998084 3.90625e-06 80
1774031250217 1.953125e-06 81
1774031505787 1.953125e-06 82
1774031760599 1.953125e-06 83
1774032012629 1.953125e-06 84
1774032267371 1.953125e-06 85
1774032522679 1.953125e-06 86
1774032774625 9.765625e-07 87
1774033029604 9.765625e-07 88
1774033284518 9.765625e-07 89
1774033536728 9.765625e-07 90
1774033792618 9.765625e-07 91
1774034047340 9.765625e-07 92
1774034299503 4.8828125e-07 93
1774034554408 4.8828125e-07 94
1774034810051 4.8828125e-07 95
1774035062473 4.8828125e-07 96
1774035317346 4.8828125e-07 97
1774035572229 4.8828125e-07 98
1774035825105 2.44140625e-07 99
1774036079936 2.44140625e-07 100
1774036334814 2.44140625e-07 101
1774036586935 2.44140625e-07 102
1774036842407 2.44140625e-07 103
1774037097167 2.44140625e-07 104
1774037349501 1.220703125e-07 105
1774037604313 1.220703125e-07 106
1774037858737 1.220703125e-07 107
1774038111908 1.220703125e-07 108
1774038366716 1.220703125e-07 109
1774038620631 1.220703125e-07 110
1774038873589 6.103515625e-08 111
1774039129217 6.103515625e-08 112
1774039382842 6.103515625e-08 113
1774039636250 6.103515625e-08 114
1774039891109 6.103515625e-08 115
1774040145201 6.103515625e-08 116
1774040398749 3.0517578125e-08 117
1774040653478 3.0517578125e-08 118
1774040906355 3.0517578125e-08 119
1774041161045 3.0517578125e-08 120
1774041415968 3.0517578125e-08 121
1774041668542 3.0517578125e-08 122
1774041922794 1.52587890625e-08 123
1774042177937 1.52587890625e-08 124
1774042430825 1.52587890625e-08 125
1774042685357 1.52587890625e-08 126
1774042940230 1.52587890625e-08 127
1774043192318 1.52587890625e-08 128
1774043447902 1.52587890625e-08 129
1774043702769 1.52587890625e-08 130
1774043954741 1.52587890625e-08 131
1774044209552 1.52587890625e-08 132
1774044465100 1.52587890625e-08 133
1774044717181 1.52587890625e-08 134
1774044971954 1.52587890625e-08 135
1774045226681 1.52587890625e-08 136
1774045479064 1.52587890625e-08 137
1774045733849 1.52587890625e-08 138
1774045988731 1.52587890625e-08 139
1774046240854 1.52587890625e-08 140
1774046496008 1.52587890625e-08 141
1774046751160 1.52587890625e-08 142
1774047003362 1.52587890625e-08 143
1774047258728 1.52587890625e-08 144
1774047513930 1.52587890625e-08 145
1774047767240 1.52587890625e-08 146
1774048022241 1.52587890625e-08 147
1774048277189 1.52587890625e-08 148
1774048529117 1.52587890625e-08 149
1774048784515 1.52587890625e-08 150
1774049039278 1.52587890625e-08 151
1774049291231 1.52587890625e-08 152
1774049545842 1.52587890625e-08 153
1774049801370 1.52587890625e-08 154
1774050053413 1.52587890625e-08 155
1774050308143 1.52587890625e-08 156
1774050562881 1.52587890625e-08 157
1774050815416 1.52587890625e-08 158
1774051070546 1.52587890625e-08 159
1774051325258 1.52587890625e-08 160
1774051577131 1.52587890625e-08 161
1774051831867 1.52587890625e-08 162
1774052087359 1.52587890625e-08 163
1774052339297 1.52587890625e-08 164
1774052593988 1.52587890625e-08 165
1774052848298 1.52587890625e-08 166
1774053101534 1.52587890625e-08 167
1774053356340 1.52587890625e-08 168
1774053610490 1.52587890625e-08 169
1774053863253 1.52587890625e-08 170
1774054118869 1.52587890625e-08 171
1774054372621 1.52587890625e-08 172
1774054625597 1.52587890625e-08 173
1774054880309 1.52587890625e-08 174
1774055134212 1.52587890625e-08 175
1774055387706 1.52587890625e-08 176
1774055642522 1.52587890625e-08 177
1774055895668 1.52587890625e-08 178
1774056149689 1.52587890625e-08 179
1774056405003 1.52587890625e-08 180
1774056657707 1.52587890625e-08 181
1774056911924 1.52587890625e-08 182
1774057166809 1.52587890625e-08 183
1774057419919 1.52587890625e-08 184
1774057674348 1.52587890625e-08 185
1774057928992 1.52587890625e-08 186
1774058180914 1.52587890625e-08 187
1774058436388 1.52587890625e-08 188
1774058691245 1.52587890625e-08 189
1774058943338 1.52587890625e-08 190
1774059198141 1.52587890625e-08 191
1774059453465 1.52587890625e-08 192
1774059705675 1.52587890625e-08 193
1774059960579 1.52587890625e-08 194
1774060215371 1.52587890625e-08 195
1774060467566 1.52587890625e-08 196
1774060722889 1.52587890625e-08 197
1774060977648 1.52587890625e-08 198
1774061229726 1.52587890625e-08 199
1774061484478 1.52587890625e-08 200
