1774602178427 24.744443893432617 1
1774602312277 37.18888854980469 2
1774602446452 43.11111068725586 3
1774602632280 48.67778015136719 4
1774602833780 52.96666717529297 5
1774603035564 55.988887786865234 6
1774603237347 58.63333511352539 7
1774603439272 64.37777709960938 8
1774603640969 67.36666870117188 9
1774603843147 68.9888916015625 10
1774604045234 70.9111099243164 11
1774604247371 72.5777816772461 12
1774604449430 74.94444274902344 13
1774604651134 76.18888854980469 14
1774604845383 78.18888854980469 15
1774605039786 79.37777709960938 16
1774605234080 80.65555572509766 17
1774605434892 82.76667022705078 18
1774605632227 87.35556030273438 19
1774605825565 90.0 20
1774606019822 90.65555572509766 21
1774606214793 91.63333129882812 22
1774606415979 91.75555419921875 23
1774606612877 93.30000305175781 24
1774606807315 95.76667022705078 25
1774607001653 96.20000457763672 26
1774607197047 96.76667022705078 27
1774607398107 96.95555877685547 28
1774607594453 97.18888854980469 29
1774607788687 97.8888931274414 30
1774607982952 98.56666564941406 31
1774608178537 98.5111083984375 32
1774608379862 98.4111099243164 33
1774608576552 98.93333435058594 34
1774608770842 98.84444427490234 35
1774608965179 99.06666564941406 36
1774609160525 99.23333740234375 37
1774609361411 99.26667022705078 38
1774609557748 99.36666870117188 39
1774609751978 99.35556030273438 40
1774609946710 99.4111099243164 41
1774610142344 99.37777709960938 42
1774610343175 99.5999984741211 43
1774610539471 99.56666564941406 44
1774610733782 99.53333282470703 45
1774610928319 99.5999984741211 46
1774611124031 99.5888900756836 47
1774611325035 99.5999984741211 48
1774611520967 99.53333282470703 49
1774611715142 99.5777816772461 50
1774611909317 99.70000457763672 51
1774612105193 99.5888900756836 52
1774612306347 99.72222137451172 53
1774612501585 99.5999984741211 54
1774612694947 99.73333740234375 55
1774612889217 99.80000305175781 56
1774613085795 99.62222290039062 57
1774613286956 99.77777862548828 58
1774613482434 99.63333129882812 59
1774613676734 99.74444580078125 60
1774613871319 99.75555419921875 61
1774614067926 99.71111297607422 62
1774614269160 99.80000305175781 63
1774614464478 99.68888854980469 64
1774614658978 99.74444580078125 65
1774614853541 99.77777862548828 66
1774615050052 99.81111145019531 67
1774615251200 99.74444580078125 68
1774615446433 99.76667022705078 69
1774615640272 99.78888702392578 70
1774615834878 99.80000305175781 71
1774616031734 99.68888854980469 72
1774616233140 99.71111297607422 73
1774616428304 99.75555419921875 74
1774616622625 99.76667022705078 75
1774616817686 99.73333740234375 76
1774617014467 99.67778015136719 77
1774617215479 99.73333740234375 78
1774617410331 99.65555572509766 79
1774617604726 99.81111145019531 80
1774617799185 99.76667022705078 81
1774617995996 99.72222137451172 82
1774618196908 99.70000457763672 83
1774618391345 99.77777862548828 84
1774618586037 99.73333740234375 85
1774618780637 99.75555419921875 86
1774618977631 99.74444580078125 87
1774619178502 99.76667022705078 88
1774619373254 99.66666412353516 89
1774619567578 99.82221984863281 90
1774619762241 99.80000305175781 91
1774619959470 99.74444580078125 92
1774620160398 99.73333740234375 93
1774620354966 99.73333740234375 94
1774620549022 99.74444580078125 95
1774620743486 99.68888854980469 96
1774620940578 99.66666412353516 97
1774621140886 99.75555419921875 98
1774621335139 99.72222137451172 99
1774621528997 99.68888854980469 100
1774621723310 99.73333740234375 101
1774621920802 99.71111297607422 102
1774622121041 99.76667022705078 103
1774622315127 99.75555419921875 104
1774622509257 99.76667022705078 105
1774622703634 99.75555419921875 106
1774622901056 99.76667022705078 107
1774623100801 99.70000457763672 108
1774623294667 99.63333129882812 109
1774623488879 99.78888702392578 110
1774623683086 99.73333740234375 111
1774623880628 99.81111145019531 112
1774624080420 99.72222137451172 113
1774624274797 99.68888854980469 114
1774624468583 99.74444580078125 115
1774624662616 99.75555419921875 116
1774624860575 99.76667022705078 117
1774625060037 99.73333740234375 118
1774625254161 99.78888702392578 119
1774625448148 99.73333740234375 120
1774625642344 99.71111297607422 121
1774625840570 99.72222137451172 122
1774626039802 99.75555419921875 123
1774626233573 99.68888854980469 124
1774626427635 99.72222137451172 125
1774626621657 99.64444732666016 126
1774626820324 99.61111450195312 127
1774627018981 99.70000457763672 128
1774627212939 99.70000457763672 129
1774627407080 99.64444732666016 130
1774627601180 99.72222137451172 131
1774627800118 99.78888702392578 132
1774627998563 99.74444580078125 133
1774628192424 99.67778015136719 134
1774628385919 99.73333740234375 135
1774628579900 99.77777862548828 136
1774628779200 99.81111145019531 137
1774628977347 99.77777862548828 138
1774629171050 99.77777862548828 139
1774629365319 99.76667022705078 140
1774629559578 99.75555419921875 141
1774629759007 99.67778015136719 142
1774629956978 99.78888702392578 143
1774630150926 99.76667022705078 144
1774630345129 99.73333740234375 145
1774630539107 99.73333740234375 146
1774630738792 99.75555419921875 147
1774630936309 99.70000457763672 148
1774631130256 99.71111297607422 149
1774631324619 99.83333587646484 150
1774631518950 99.82221984863281 151
1774631718959 99.81111145019531 152
1774631916457 99.73333740234375 153
1774632110664 99.67778015136719 154
1774632305013 99.75555419921875 155
1774632499641 99.72222137451172 156
1774632699961 99.70000457763672 157
1774632897320 99.70000457763672 158
1774633091018 99.82221984863281 159
1774633285287 99.73333740234375 160
1774633479244 99.77777862548828 161
1774633679676 99.77777862548828 162
1774633876371 99.68888854980469 163
1774634070196 99.73333740234375 164
1774634263957 99.72222137451172 165
1774634458689 99.74444580078125 166
1774634659269 99.70000457763672 167
1774634855572 99.72222137451172 168
1774635049445 99.73333740234375 169
1774635243736 99.72222137451172 170
1774635439002 99.68888854980469 171
1774635639576 99.75555419921875 172
1774635835268 99.74444580078125 173
1774636029246 99.77777862548828 174
1774636223389 99.76667022705078 175
1774636418794 99.84444427490234 176
1774636619397 99.70000457763672 177
1774636814833 99.71111297607422 178
1774637008645 99.72222137451172 179
1774637202492 99.66666412353516 180
1774637398416 99.72222137451172 181
1774637599380 99.74444580078125 182
1774637794292 99.74444580078125 183
1774637988293 99.71111297607422 184
1774638182030 99.70000457763672 185
1774638378118 99.77777862548828 186
1774638578745 99.81111145019531 187
1774638773221 99.78888702392578 188
1774638966924 99.78888702392578 189
1774639160708 99.74444580078125 190
1774639357260 99.70000457763672 191
1774639557531 99.73333740234375 192
1774639747737 99.74444580078125 193
1774639939939 99.81111145019531 194
1774640132959 99.72222137451172 195
1774640329797 99.71111297607422 196
1774640529029 99.73333740234375 197
1774640722416 99.76667022705078 198
1774640915667 99.82221984863281 199
1774641109688 99.75555419921875 200
