1774602185103 31.80000114440918 0
1774602318931 39.900001525878906 0
1774602453206 42.80000305175781 0
1774602641899 46.000003814697266 0
1774602843281 51.80000305175781 0
1774603045136 52.80000305175781 0
1774603246960 57.000003814697266 0
1774603448858 59.80000305175781 0
1774603650752 62.20000457763672 0
1774603852727 62.500003814697266 0
1774604054828 64.70000457763672 0
1774604256948 66.9000015258789 0
1774604459051 66.9000015258789 0
1774604660709 66.9000015258789 0
1774604855026 67.30000305175781 0
1774605049413 67.30000305175781 0
1774605243773 69.4000015258789 0
1774605443528 69.4000015258789 0
1774605641776 70.20000457763672 0
1774605835215 70.20000457763672 0
1774606029385 71.20000457763672 0
1774606224445 71.20000457763672 0
1774606424710 71.20000457763672 0
1774606622460 71.70000457763672 0
1774606816926 71.70000457763672 0
1774607011254 72.30000305175781 0
1774607206334 72.30000305175781 0
1774607406680 72.30000305175781 0
1774607604125 72.4000015258789 0
1774607798330 72.4000015258789 0
1774607992633 73.10000610351562 0
1774608187439 73.70000457763672 0
1774608388551 73.70000457763672 0
1774608586126 73.80000305175781 0
1774608780458 73.80000305175781 0
1774608974721 73.80000305175781 0
1774609169347 73.80000305175781 0
1774609370071 73.80000305175781 0
1774609567329 73.80000305175781 0
1774609761696 73.80000305175781 0
1774609956290 73.80000305175781 0
1774610151057 73.80000305175781 0
1774610351801 74.60000610351562 0
1774610549117 74.60000610351562 0
1774610743379 74.60000610351562 0
1774610937956 74.60000610351562 0
1774611132687 74.60000610351562 0
1774611333589 74.60000610351562 0
1774611530552 74.60000610351562 0
1774611724745 74.60000610351562 0
1774611918960 74.60000610351562 0
1774612113581 74.60000610351562 0
1774612314987 74.60000610351562 0
1774612511155 74.60000610351562 0
1774612704570 74.60000610351562 0
1774612898800 74.60000610351562 0
1774613094428 74.60000610351562 0
1774613295635 74.60000610351562 0
1774613492022 74.60000610351562 0
1774613686349 74.60000610351562 0
1774613881090 74.60000610351562 0
1774614076607 74.60000610351562 0
1774614277851 74.60000610351562 0
1774614474096 74.60000610351562 0
1774614668552 74.60000610351562 0
1774614863124 74.60000610351562 0
1774615058687 74.60000610351562 0
1774615259876 74.60000610351562 0
1774615456102 74.60000610351562 0
1774615649931 74.60000610351562 0
1774615844548 74.60000610351562 0
1774616040401 74.60000610351562 0
1774616241726 74.60000610351562 0
1774616437899 74.60000610351562 0
1774616632305 74.9000015258789 0
1774616827389 74.9000015258789 0
1774617023077 74.9000015258789 0
1774617223967 74.9000015258789 0
1774617420086 74.9000015258789 0
1774617614336 74.9000015258789 0
1774617808757 74.9000015258789 0
1774618004582 74.9000015258789 0
1774618205548 74.9000015258789 0
1774618401059 74.9000015258789 0
1774618595669 74.9000015258789 0
1774618790216 74.9000015258789 0
1774618986262 74.9000015258789 0
1774619187175 74.9000015258789 0
1774619382908 74.9000015258789 0
1774619577210 74.9000015258789 0
1774619771880 74.9000015258789 0
1774619968066 74.9000015258789 0
1774620169078 74.9000015258789 0
1774620364554 74.9000015258789 0
1774620558723 74.9000015258789 0
1774620753154 74.9000015258789 0
1774620949190 74.9000015258789 0
1774621149937 74.9000015258789 0
1774621344678 74.9000015258789 0
1774621538558 74.9000015258789 0
1774621732926 74.9000015258789 0
1774621929397 74.9000015258789 0
1774622130057 74.9000015258789 0
1774622324749 74.9000015258789 0
1774622519053 74.9000015258789 0
1774622713191 74.9000015258789 0
1774622909604 74.9000015258789 0
1774623110069 74.9000015258789 0
1774623304304 74.9000015258789 0
1774623498495 74.9000015258789 0
1774623692741 74.9000015258789 0
1774623889189 74.9000015258789 0
1774624090012 74.9000015258789 0
1774624284554 74.9000015258789 0
1774624478167 74.9000015258789 0
1774624672292 74.9000015258789 0
1774624869136 74.9000015258789 0
1774625069769 74.9000015258789 0
1774625263704 74.9000015258789 0
1774625457716 74.9000015258789 0
1774625651962 74.9000015258789 0
1774625849225 74.9000015258789 0
1774626049378 74.9000015258789 0
1774626243139 74.9000015258789 0
1774626437250 74.9000015258789 0
1774626631243 74.9000015258789 0
1774626828725 74.9000015258789 0
1774627028560 74.9000015258789 0
1774627222500 74.9000015258789 0
1774627416651 74.9000015258789 0
1774627610792 74.9000015258789 0
1774627808494 74.9000015258789 0
1774628008178 74.9000015258789 0
1774628201982 74.9000015258789 0
1774628395506 74.9000015258789 0
1774628589464 74.9000015258789 0
1774628787654 74.9000015258789 0
1774628986948 74.9000015258789 0
1774629180636 74.9000015258789 0
1774629374919 74.9000015258789 0
1774629569126 74.9000015258789 0
1774629767591 74.9000015258789 0
1774629966618 74.9000015258789 0
1774630160519 74.9000015258789 0
1774630354700 74.9000015258789 0
1774630548651 74.9000015258789 0
1774630747406 74.9000015258789 0
1774630945913 74.9000015258789 0
1774631139855 74.9000015258789 0
1774631334266 74.9000015258789 0
1774631528539 74.9000015258789 0
1774631727592 74.9000015258789 0
1774631926091 74.9000015258789 0
1774632120247 74.9000015258789 0
1774632314843 74.9000015258789 0
1774632509288 74.9000015258789 0
1774632708586 74.9000015258789 0
1774632906882 74.9000015258789 0
1774633100641 74.9000015258789 0
1774633294859 74.9000015258789 0
1774633488813 74.9000015258789 0
1774633688288 74.9000015258789 0
1774633885974 74.9000015258789 0
1774634079768 74.9000015258789 0
1774634273544 74.9000015258789 0
1774634468058 74.9000015258789 0
1774634668047 74.9000015258789 0
1774634865187 74.9000015258789 0
1774635059067 74.9000015258789 0
1774635253332 74.9000015258789 0
1774635448000 74.9000015258789 0
1774635648219 74.9000015258789 0
1774635844902 74.9000015258789 0
1774636038867 74.9000015258789 0
1774636232968 74.9000015258789 0
1774636427433 74.9000015258789 0
1774636628037 74.9000015258789 0
1774636824404 74.9000015258789 0
1774637018238 74.9000015258789 0
1774637212112 74.9000015258789 0
1774637406904 74.9000015258789 0
1774637608014 74.9000015258789 0
1774637803891 74.9000015258789 0
1774637997859 74.9000015258789 0
1774638191643 74.9000015258789 0
1774638386749 74.9000015258789 0
1774638587295 74.9000015258789 0
1774638783021 74.9000015258789 0
1774638976637 74.9000015258789 0
1774639170274 74.9000015258789 0
1774639365812 74.9000015258789 0
1774639566227 74.9000015258789 0
1774639757329 74.9000015258789 0
1774639949500 74.9000015258789 0
1774640142501 74.9000015258789 0
1774640338362 74.9000015258789 0
1774640537783 74.9000015258789 0
1774640732013 74.9000015258789 0
1774640925315 74.9000015258789 0
1774641119391 74.9000015258789 0
