1774602178431 6.498662518819173 1
1774602312280 6.161986806233724 2
1774602446455 6.07960713619656 3
1774602632283 5.719741882324219 4
1774602833782 5.413951663759019 5
1774603035566 5.093750699996948 6
1774603237349 4.793060641818577 7
1774603439275 4.067916097217136 8
1774603640972 3.7145276323954266 9
1774603843150 3.6224123600853813 10
1774604045237 3.338806295606825 11
1774604247372 3.182197369257609 12
1774604449433 2.964988591088189 13
1774604651136 2.798473031785753 14
1774604845385 2.5014069046444365 15
1774605039789 2.34295733473036 16
1774605234084 2.247748822953966 17
1774605434893 1.9789972057342529 18
1774605632231 1.2105728028615317 19
1774605825569 1.0076425572501289 20
1774606019825 0.9136625742382474 21
1774606214796 0.8559822818040848 22
1774606415982 0.8177232926951514 23
1774606612880 0.6067773575495553 24
1774606807318 0.35035628637862587 25
1774607001655 0.31229241517563866 26
1774607197050 0.2803650914769516 27
1774607398109 0.240660383106772 28
1774607594456 0.20498397919394806 29
1774607788690 0.17513126553971636 30
1774607982956 0.0920622098558702 31
1774608178540 0.10786346991092366 32
1774608379865 0.11156509969004183 33
1774608576554 0.07028325235318111 34
1774608770844 0.073967837034465 35
1774608965180 0.055662181490558196 36
1774609160527 0.041693117211993806 37
1774609361415 0.04839853702961939 38
1774609557751 0.049438749388410475 39
1774609751980 0.042922922707838804 40
1774609946712 0.032955407569949996 41
1774610142347 0.03704381993409854 42
1774610343178 0.029897466071069037 43
1774610539475 0.02714117041824582 44
1774610733786 0.026649128805309598 45
1774610928323 0.024651386294105685 46
1774611124033 0.017232605381003255 47
1774611325037 0.026322232819470312 48
1774611520970 0.024934122367033455 49
1774611715145 0.025879962870856855 50
1774611909318 0.02103701846054295 51
1774612105195 0.026829997285288815 52
1774612306350 0.014525805801942343 53
1774612501587 0.021039837271659506 54
1774612694950 0.012677891647302712 55
1774612889220 0.011659811509792199 56
1774613085798 0.018698792441878786 57
1774613286960 0.010409990742252866 58
1774613482438 0.021788348324494 59
1774613676737 0.013557724990373657 60
1774613871323 0.011944266758539657 61
1774614067929 0.015371025061346983 62
1774614269163 0.007558232191396977 63
1774614464481 0.012345864944231627 64
1774614658982 0.014474978171223186 65
1774614853544 0.014712291917708446 66
1774615050056 0.012287491555645506 67
1774615251203 0.013682065311247013 68
1774615446437 0.014918972633758295 69
1774615640275 0.01176073364204541 70
1774615834881 0.01206923412338988 71
1774616031738 0.01611248824725172 72
1774616233142 0.01737617203838375 73
1774616428307 0.0160267751580996 74
1774616622628 0.015259472599052755 75
1774616817690 0.01918063467507661 76
1774617014470 0.016250964029009263 77
1774617215483 0.013549017226877772 78
1774617410334 0.015930437065118805 79
1774617604730 0.012984577188233462 80
1774617799188 0.017243514512107292 81
1774617995999 0.014812040802106907 82
1774618196910 0.01747625358183401 83
1774618391348 0.014678345388649506 84
1774618586040 0.020001645575070313 85
1774618780641 0.01755432436338046 86
1774618977634 0.012842879530646927 87
1774619178506 0.014567280318943375 88
1774619373257 0.018636995490292626 89
1774619567581 0.011056433813990175 90
1774619762243 0.00968354370849044 91
1774619959473 0.017355453414258766 92
1774620160402 0.019440397094312813 93
1774620354970 0.016609628505441235 94
1774620549023 0.00958470711230558 95
1774620743489 0.016370135572486916 96
1774620940581 0.017192436920519347 97
1774621140889 0.014913298193637679 98
1774621335142 0.02084908719974421 99
1774621528999 0.01873516305518088 100
1774621723313 0.015084181701688676 101
1774621920804 0.017602362250571508 102
1774622121044 0.01626642667399339 103
1774622315129 0.016243856112388256 104
1774622509261 0.009739049322640081 105
1774622703636 0.016514778561320106 106
1774622901059 0.009489654451615672 107
1774623100804 0.017758556326928663 108
1774623294670 0.02037322176802985 109
1774623488882 0.013313860410088437 110
1774623683089 0.012783337242464556 111
1774623880631 0.011789329496358785 112
1774624080423 0.015496432063201383 113
1774624274800 0.020255243338976197 114
1774624468586 0.018191391090394148 115
1774624662619 0.02030424361088144 116
1774624860578 0.01763961259873557 117
1774625060039 0.01756108243108264 118
1774625254164 0.01263074035010884 119
1774625448152 0.011707183474022786 120
1774625642347 0.01547666276589177 121
1774625840573 0.019524779395095716 122
1774626039805 0.013573762741843024 123
1774626233576 0.014404624896228244 124
1774626427638 0.013216010934545015 125
1774626621659 0.01835020564984065 126
1774626820327 0.024926877009169044 127
1774627018984 0.020113530970687427 128
1774627212942 0.015571763713947133 129
1774627407083 0.021266527716092127 130
1774627601183 0.011529105436247954 131
1774627800121 0.01624560269779112 132
1774627998566 0.01222542213009163 133
1774628192427 0.026950631715701966 134
1774628385922 0.015047845820851785 135
1774628579903 0.016137029199363488 136
1774628779201 0.009417722582257 137
1774628977349 0.012728663394538374 138
1774629171053 0.013053631194724693 139
1774629365322 0.016421822504617874 140
1774629559579 0.014597102836910784 141
1774629759010 0.0133538943636276 142
1774629956981 0.016322889476251008 143
1774630150929 0.01817338895302606 144
1774630345133 0.010125184404079982 145
1774630539110 0.015661154701546703 146
1774630738793 0.012831318277251834 147
1774630936312 0.017388388396505913 148
1774631130258 0.019023738849036718 149
1774631324622 0.007641353028012776 150
1774631518952 0.009949133593758574 151
1774631718961 0.01159095419457687 152
1774631916460 0.015998932520981952 153
1774632110668 0.016752338204678925 154
1774632305016 0.009996488242176147 155
1774632499645 0.017569802831380748 156
1774632699965 0.019604053406269636 157
1774632897321 0.016786029947830065 158
1774633091021 0.009761067812609155 159
1774633285291 0.023718342708628822 160
1774633479247 0.010747449919531282 161
1774633679678 0.009443758057852537 162
1774633876374 0.017937226026344774 163
1774634070199 0.016495012713563885 164
1774634263960 0.014868069403698263 165
1774634458692 0.014442477186381673 166
1774634659271 0.02339191999659914 167
1774634855575 0.02142519678287105 168
1774635049447 0.012204781559494192 169
1774635243740 0.016198575198143956 170
1774635439005 0.014899670531775324 171
1774635639579 0.015045253694755435 172
1774635835271 0.012726116506526757 173
1774636029249 0.012370348040976252 174
1774636223392 0.011579493914055734 175
1774636418797 0.01005053153547582 176
1774636619399 0.01837949415614216 177
1774636814836 0.01305614359142182 178
1774637008648 0.01724202584260398 179
1774637202495 0.017445681062695166 180
1774637398419 0.016212656559497295 181
1774637599382 0.014332099588950528 182
1774637794296 0.016694932303357505 183
1774637988294 0.012137112917531424 184
1774638182032 0.01900346275672255 185
1774638378121 0.010988909746515172 186
1774638578748 0.011728053810645914 187
1774638773224 0.012378145613854986 188
1774638966927 0.012457686329159692 189
1774639160711 0.016144230915023827 190
1774639357263 0.015112013414537984 191
1774639557534 0.016241727815919895 192
1774639747740 0.016993420926245378 193
1774639939942 0.009105493716145675 194
1774640132962 0.014730510110772362 195
1774640329800 0.016630069440149366 196
1774640529033 0.01999613075788627 197
1774640722417 0.008503242724865604 198
1774640915670 0.01138896182087845 199
1774641109691 0.012246630816749777 200
