1774602185211 0.001 1
1774602319148 0.001 2
1774602453401 0.001 3
1774602642097 0.001 4
1774602843418 0.001 5
1774603045379 0.001 6
1774603247213 0.0005 7
1774603449100 0.0005 8
1774603650970 0.0005 9
1774603852937 0.0005 10
1774604055022 0.0005 11
1774604257102 0.0005 12
1774604459053 0.0005 13
1774604660710 0.0005 14
1774604855313 0.0005 15
1774605049414 0.0005 16
1774605243930 0.0005 17
1774605443531 0.00025 18
1774605641972 0.00025 19
1774605835217 0.00025 20
1774606029534 0.00025 21
1774606224447 0.00025 22
1774606424712 0.00025 23
1774606622615 0.000125 24
1774606816928 0.000125 25
1774607011501 0.000125 26
1774607206336 0.000125 27
1774607406681 0.000125 28
1774607604512 0.000125 29
1774607798331 6.25e-05 30
1774607992811 6.25e-05 31
1774608187816 6.25e-05 32
1774608388552 6.25e-05 33
1774608586291 6.25e-05 34
1774608780459 6.25e-05 35
1774608974722 3.125e-05 36
1774609169348 3.125e-05 37
1774609370072 3.125e-05 38
1774609567331 3.125e-05 39
1774609761698 3.125e-05 40
1774609956293 3.125e-05 41
1774610151058 1.5625e-05 42
1774610352037 1.5625e-05 43
1774610549118 1.5625e-05 44
1774610743382 1.5625e-05 45
1774610937958 1.5625e-05 46
1774611132688 1.5625e-05 47
1774611333591 7.8125e-06 48
1774611530553 7.8125e-06 49
1774611724747 7.8125e-06 50
1774611918962 7.8125e-06 51
1774612113583 7.8125e-06 52
1774612314988 7.8125e-06 53
1774612511158 3.90625e-06 54
1774612704573 3.90625e-06 55
1774612898802 3.90625e-06 56
1774613094429 3.90625e-06 57
1774613295638 3.90625e-06 58
1774613492024 3.90625e-06 59
1774613686352 1.953125e-06 60
1774613881092 1.953125e-06 61
1774614076609 1.953125e-06 62
1774614277853 1.953125e-06 63
1774614474098 1.953125e-06 64
1774614668555 1.953125e-06 65
1774614863126 9.765625e-07 66
1774615058689 9.765625e-07 67
1774615259878 9.765625e-07 68
1774615456103 9.765625e-07 69
1774615649933 9.765625e-07 70
1774615844550 9.765625e-07 71
1774616040404 4.8828125e-07 72
1774616241727 4.8828125e-07 73
1774616437900 4.8828125e-07 74
1774616632474 4.8828125e-07 75
1774616827391 4.8828125e-07 76
1774617023078 4.8828125e-07 77
1774617223969 2.44140625e-07 78
1774617420087 2.44140625e-07 79
1774617614337 2.44140625e-07 80
1774617808758 2.44140625e-07 81
1774618004583 2.44140625e-07 82
1774618205549 2.44140625e-07 83
1774618401061 1.220703125e-07 84
1774618595670 1.220703125e-07 85
1774618790217 1.220703125e-07 86
1774618986264 1.220703125e-07 87
1774619187177 1.220703125e-07 88
1774619382910 1.220703125e-07 89
1774619577211 6.103515625e-08 90
1774619771883 6.103515625e-08 91
1774619968068 6.103515625e-08 92
1774620169079 6.103515625e-08 93
1774620364556 6.103515625e-08 94
1774620558725 6.103515625e-08 95
1774620753155 3.0517578125e-08 96
1774620949192 3.0517578125e-08 97
1774621149939 3.0517578125e-08 98
1774621344679 3.0517578125e-08 99
1774621538559 3.0517578125e-08 100
1774621732927 3.0517578125e-08 101
1774621929398 1.52587890625e-08 102
1774622130058 1.52587890625e-08 103
1774622324750 1.52587890625e-08 104
1774622519054 1.52587890625e-08 105
1774622713192 1.52587890625e-08 106
1774622909605 1.52587890625e-08 107
1774623110070 1.52587890625e-08 108
1774623304306 1.52587890625e-08 109
1774623498496 1.52587890625e-08 110
1774623692743 1.52587890625e-08 111
1774623889190 1.52587890625e-08 112
1774624090013 1.52587890625e-08 113
1774624284557 1.52587890625e-08 114
1774624478169 1.52587890625e-08 115
1774624672294 1.52587890625e-08 116
1774624869138 1.52587890625e-08 117
1774625069770 1.52587890625e-08 118
1774625263706 1.52587890625e-08 119
1774625457718 1.52587890625e-08 120
1774625651964 1.52587890625e-08 121
1774625849226 1.52587890625e-08 122
1774626049380 1.52587890625e-08 123
1774626243141 1.52587890625e-08 124
1774626437251 1.52587890625e-08 125
1774626631244 1.52587890625e-08 126
1774626828726 1.52587890625e-08 127
1774627028562 1.52587890625e-08 128
1774627222501 1.52587890625e-08 129
1774627416652 1.52587890625e-08 130
1774627610794 1.52587890625e-08 131
1774627808496 1.52587890625e-08 132
1774628008180 1.52587890625e-08 133
1774628201983 1.52587890625e-08 134
1774628395508 1.52587890625e-08 135
1774628589465 1.52587890625e-08 136
1774628787656 1.52587890625e-08 137
1774628986950 1.52587890625e-08 138
1774629180637 1.52587890625e-08 139
1774629374920 1.52587890625e-08 140
1774629569128 1.52587890625e-08 141
1774629767593 1.52587890625e-08 142
1774629966619 1.52587890625e-08 143
1774630160521 1.52587890625e-08 144
1774630354701 1.52587890625e-08 145
1774630548652 1.52587890625e-08 146
1774630747409 1.52587890625e-08 147
1774630945914 1.52587890625e-08 148
1774631139856 1.52587890625e-08 149
1774631334268 1.52587890625e-08 150
1774631528540 1.52587890625e-08 151
1774631727594 1.52587890625e-08 152
1774631926092 1.52587890625e-08 153
1774632120249 1.52587890625e-08 154
1774632314845 1.52587890625e-08 155
1774632509290 1.52587890625e-08 156
1774632708588 1.52587890625e-08 157
1774632906883 1.52587890625e-08 158
1774633100643 1.52587890625e-08 159
1774633294860 1.52587890625e-08 160
1774633488815 1.52587890625e-08 161
1774633688290 1.52587890625e-08 162
1774633885975 1.52587890625e-08 163
1774634079769 1.52587890625e-08 164
1774634273546 1.52587890625e-08 165
1774634468059 1.52587890625e-08 166
1774634668048 1.52587890625e-08 167
1774634865188 1.52587890625e-08 168
1774635059069 1.52587890625e-08 169
1774635253334 1.52587890625e-08 170
1774635448002 1.52587890625e-08 171
1774635648221 1.52587890625e-08 172
1774635844904 1.52587890625e-08 173
1774636038868 1.52587890625e-08 174
1774636232969 1.52587890625e-08 175
1774636427434 1.52587890625e-08 176
1774636628038 1.52587890625e-08 177
1774636824406 1.52587890625e-08 178
1774637018240 1.52587890625e-08 179
1774637212113 1.52587890625e-08 180
1774637406905 1.52587890625e-08 181
1774637608017 1.52587890625e-08 182
1774637803893 1.52587890625e-08 183
1774637997861 1.52587890625e-08 184
1774638191644 1.52587890625e-08 185
1774638386750 1.52587890625e-08 186
1774638587297 1.52587890625e-08 187
1774638783023 1.52587890625e-08 188
1774638976638 1.52587890625e-08 189
1774639170275 1.52587890625e-08 190
1774639365814 1.52587890625e-08 191
1774639566228 1.52587890625e-08 192
1774639757331 1.52587890625e-08 193
1774639949502 1.52587890625e-08 194
1774640142502 1.52587890625e-08 195
1774640338363 1.52587890625e-08 196
1774640537785 1.52587890625e-08 197
1774640732016 1.52587890625e-08 198
1774640925317 1.52587890625e-08 199
1774641119392 1.52587890625e-08 200
