1774010903483 39.2339973449707 1
1774011236552 56.21399688720703 2
1774011572074 62.61199951171875 3
1774011905059 67.10800170898438 4
1774012239522 70.97599792480469 5
1774012571566 73.61199951171875 6
1774012906592 75.75399780273438 7
1774013237304 77.51799774169922 8
1774013571868 78.80799865722656 9
1774013905424 79.98600006103516 10
1774014236920 81.16199493408203 11
1774014571240 81.83999633789062 12
1774014902639 82.70800018310547 13
1774015236286 83.77999877929688 14
1774015567513 84.33599853515625 15
1774015900664 84.85599517822266 16
1774016230727 85.43599700927734 17
1774016563761 86.09600067138672 18
1774016895705 86.52799987792969 19
1774017227143 87.12199401855469 20
1774017560436 87.76799774169922 21
1774017891470 87.98400115966797 22
1774018225301 88.78599548339844 23
1774018555133 88.9739990234375 24
1774018887897 89.23799896240234 25
1774019217872 89.55400085449219 26
1774019550738 90.11799621582031 27
1774019882474 90.39399719238281 28
1774020213310 92.0479965209961 29
1774020547284 92.5999984741211 30
1774020876769 92.96199798583984 31
1774021209863 93.12999725341797 32
1774021540294 93.32799530029297 33
1774021872996 93.51399993896484 34
1774022203499 93.61000061035156 35
1774022537084 93.80799865722656 36
1774022869369 93.88999938964844 37
1774023200928 94.76399993896484 38
1774023535068 94.88599395751953 39
1774023865704 94.93999481201172 40
1774024199022 95.06999969482422 41
1774024530231 95.40599822998047 42
1774024864463 95.4739990234375 43
1774025194774 95.83200073242188 44
1774025529198 95.89799499511719 45
1774025863007 95.87999725341797 46
1774026193984 95.93799591064453 47
1774026528117 95.92599487304688 48
1774026859416 96.16399383544922 49
1774027192755 96.2439956665039 50
1774027524116 96.36199951171875 51
1774027858195 96.35599517822266 52
1774028189661 96.45800018310547 53
1774028523002 96.38199615478516 54
1774028856731 96.39199829101562 55
1774029188246 96.52799987792969 56
1774029521762 96.44599914550781 57
1774029852912 96.4959945678711 58
1774030186696 96.50999450683594 59
1774030517060 96.63399505615234 60
1774030851408 96.66199493408203 61
1774031183117 96.66999816894531 62
1774031516074 96.55999755859375 63
1774031849779 96.75 64
1774032181491 96.5979995727539 65
1774032515103 96.58999633789062 66
1774032845667 96.65399932861328 67
1774033180029 96.6719970703125 68
1774033511369 96.53799438476562 69
1774033844282 96.76399993896484 70
1774034176037 96.66399383544922 71
1774034509814 96.73999786376953 72
1774034843037 96.74199676513672 73
1774035174301 96.75999450683594 74
1774035508640 96.66600036621094 75
1774035839148 96.70600128173828 76
1774036173443 96.79399871826172 77
1774036504730 96.64799499511719 78
1774036838295 96.68199920654297 79
1774037170138 96.64199829101562 80
1774037503854 96.75399780273438 81
1774037837910 96.53199768066406 82
1774038168609 96.77799987792969 83
1774038502782 96.75799560546875 84
1774038834075 96.70600128173828 85
1774039167445 96.77799987792969 86
1774039498986 96.66799926757812 87
1774039833137 96.64399719238281 88
1774040164436 96.75999450683594 89
1774040497873 96.61799621582031 90
1774040832003 96.71399688720703 91
1774041162369 96.79399871826172 92
1774041496651 96.67799377441406 93
1774041827780 96.81999969482422 94
1774042161375 96.70999908447266 95
1774042492157 96.69400024414062 96
1774042826179 96.63399505615234 97
1774043158078 96.70600128173828 98
1774043490569 96.67399597167969 99
1774043824515 96.7760009765625 100
1774044155641 96.71199798583984 101
1774044488895 96.83999633789062 102
1774044820157 96.68199920654297 103
1774045154203 96.6719970703125 104
1774045484231 96.78599548339844 105
1774045818169 96.78599548339844 106
1774046150491 96.7239990234375 107
1774046483321 96.52399444580078 108
1774046816605 96.79000091552734 109
1774047148662 96.66799926757812 110
1774047483776 96.85199737548828 111
1774047815127 96.7760009765625 112
1774048149702 96.71199798583984 113
1774048480922 96.78399658203125 114
1774048813395 96.84600067138672 115
1774049145540 96.66399383544922 116
1774049478224 96.7179946899414 117
1774049811157 96.70199584960938 118
1774050142402 96.74199676513672 119
1774050476460 96.74199676513672 120
1774050807065 96.55400085449219 121
1774051140811 96.56599426269531 122
1774051471666 96.76200103759766 123
1774051805178 96.70399475097656 124
1774052136800 96.81599426269531 125
1774052469218 96.58200073242188 126
1774052802873 96.6240005493164 127
1774053133213 96.77999877929688 128
1774053467250 96.70800018310547 129
1774053798343 96.58200073242188 130
1774054131629 96.59199523925781 131
1774054462551 96.71399688720703 132
1774054796281 96.7459945678711 133
1774055128310 96.76200103759766 134
1774055460164 96.75199890136719 135
1774055794319 96.63800048828125 136
1774056125735 96.70800018310547 137
1774056458725 96.68799591064453 138
1774056789997 96.8239974975586 139
1774057124203 96.61199951171875 140
1774057454378 96.76399993896484 141
1774057788342 96.75999450683594 142
1774058120994 96.66600036621094 143
1774058452298 96.72599792480469 144
1774058786390 96.6240005493164 145
1774059117565 96.63800048828125 146
1774059450820 96.69400024414062 147
1774059781867 96.64199829101562 148
1774060115962 96.84199523925781 149
1774060447134 96.80799865722656 150
1774060780420 96.5459976196289 151
1774061113483 96.63399505615234 152
1774061445678 96.66199493408203 153
1774061680754 96.82999420166016 154
1774061900243 96.56199645996094 155
1774062161151 96.79399871826172 156
1774062492551 96.86599731445312 157
1774062826901 96.76200103759766 158
1774063158650 96.75 159
1774063493178 96.697998046875 160
1774063827189 96.74199676513672 161
1774064159735 96.8219985961914 162
1774064494171 96.62999725341797 163
1774064826061 96.78399658203125 164
1774065160552 96.72000122070312 165
1774065492258 96.8219985961914 166
1774065873070 96.68000030517578 167
1774066317197 96.7439956665039 168
1774066761829 96.85399627685547 169
1774067208546 96.7179946899414 170
1774067653363 96.72200012207031 171
1774068103196 96.74800109863281 172
1774068547771 96.64399719238281 173
1774068992240 96.7439956665039 174
1774069436535 96.66399383544922 175
1774069880979 96.80799865722656 176
1774070325696 96.70999908447266 177
1774070770317 96.68999481201172 178
1774071216888 96.73199462890625 179
1774071660000 96.80599975585938 180
1774072105902 96.75199890136719 181
1774072550134 96.8239974975586 182
1774072994288 96.6520004272461 183
1774073438785 96.67599487304688 184
1774073883031 96.64999389648438 185
1774074327634 96.7439956665039 186
1774074771713 96.64599609375 187
1774075218268 96.7760009765625 188
1774075661655 96.73400115966797 189
1774076107750 96.69200134277344 190
1774076552214 96.66399383544922 191
1774076996737 96.68599700927734 192
1774077441124 96.67799377441406 193
1774077885264 96.68199920654297 194
1774078329854 96.69400024414062 195
1774078773994 96.70399475097656 196
1774079220717 96.88999938964844 197
1774079663857 96.70199584960938 198
1774080109762 96.73799896240234 199
1774080554185 96.65599822998047 200
