1774010929349 54.09000015258789 0
1774011263935 64.23999786376953 0
1774011599435 66.61000061035156 0
1774011931756 71.83000183105469 0
1774012266892 75.40999603271484 0
1774012598861 76.95999908447266 0
1774012933689 79.11000061035156 0
1774013264396 79.98999786376953 0
1774013598947 81.65999603271484 0
1774013931647 83.02999877929688 0
1774014263973 84.16999816894531 0
1774014598259 84.16999816894531 0
1774014929733 84.16999816894531 0
1774015263020 85.19999694824219 0
1774015594607 85.19999694824219 0
1774015927583 85.19999694824219 0
1774016256899 86.15999603271484 0
1774016590658 86.72999572753906 0
1774016922018 86.72999572753906 0
1774017254058 87.45999908447266 0
1774017587358 87.72000122070312 0
1774017918397 88.20999908447266 0
1774018252276 88.20999908447266 0
1774018582050 88.20999908447266 0
1774018914841 89.06999969482422 0
1774019244787 89.06999969482422 0
1774019577015 89.06999969482422 0
1774019908775 89.06999969482422 0
1774020240226 89.70999908447266 0
1774020573632 89.88999938964844 0
1774020903694 90.54000091552734 0
1774021236822 90.54000091552734 0
1774021567155 90.56999969482422 0
1774021899933 90.56999969482422 0
1774022230415 90.56999969482422 0
1774022563994 90.68000030517578 0
1774022895672 90.68000030517578 0
1774023227910 90.7699966430664 0
1774023562022 90.7699966430664 0
1774023891919 91.00999450683594 0
1774024226001 91.00999450683594 0
1774024557209 91.14999389648438 0
1774024890886 91.20999908447266 0
1774025221795 91.27999877929688 0
1774025556184 91.54000091552734 0
1774025889319 91.54000091552734 0
1774026220999 91.54000091552734 0
1774026555087 91.54000091552734 0
1774026886382 91.54000091552734 0
1774027219785 91.54000091552734 0
1774027551067 91.54000091552734 0
1774027885175 91.55999755859375 0
1774028215907 91.55999755859375 0
1774028550009 91.55999755859375 0
1774028882995 91.55999755859375 0
1774029214620 91.68000030517578 0
1774029548743 91.68000030517578 0
1774029879830 91.68000030517578 0
1774030213600 91.68000030517578 0
1774030544037 91.73999786376953 0
1774030878366 91.73999786376953 0
1774031209746 91.73999786376953 0
1774031543072 91.73999786376953 0
1774031876076 91.73999786376953 0
1774032208501 91.73999786376953 0
1774032541705 91.73999786376953 0
1774032872707 91.73999786376953 0
1774033207041 91.73999786376953 0
1774033537387 91.73999786376953 0
1774033871321 91.73999786376953 0
1774034202529 91.73999786376953 0
1774034536641 91.73999786376953 0
1774034869344 91.73999786376953 0
1774035201385 91.73999786376953 0
1774035535655 91.73999786376953 0
1774035866208 91.73999786376953 0
1774036200453 91.73999786376953 0
1774036531722 91.73999786376953 0
1774036865047 91.73999786376953 0
1774037196603 91.73999786376953 0
1774037530857 91.73999786376953 0
1774037863266 91.77999877929688 0
1774038195650 91.77999877929688 0
1774038529805 91.77999877929688 0
1774038860696 91.77999877929688 0
1774039194406 91.79000091552734 0
1774039525951 91.79000091552734 0
1774039860157 91.79000091552734 0
1774040190706 91.79000091552734 0
1774040524800 91.80999755859375 0
1774040858379 91.80999755859375 0
1774041189385 91.80999755859375 0
1774041523610 91.80999755859375 0
1774041854708 91.80999755859375 0
1774042187711 91.80999755859375 0
1774042519095 91.80999755859375 0
1774042853122 91.80999755859375 0
1774043183982 91.80999755859375 0
1774043517523 91.80999755859375 0
1774043850987 91.80999755859375 0
1774044182638 91.80999755859375 0
1774044515904 91.80999755859375 0
1774044847094 91.80999755859375 0
1774045181231 91.80999755859375 0
1774045511148 91.80999755859375 0
1774045845116 91.80999755859375 0
1774046176903 91.80999755859375 0
1774046509709 91.80999755859375 0
1774046843290 91.80999755859375 0
1774047175984 91.80999755859375 0
1774047510347 91.80999755859375 0
1774047842283 91.80999755859375 0
1774048176866 91.80999755859375 0
1774048507789 91.80999755859375 0
1774048840311 91.80999755859375 0
1774049171889 91.80999755859375 0
1774049505133 91.80999755859375 0
1774049838134 91.80999755859375 0
1774050169380 91.80999755859375 0
1774050503386 91.80999755859375 0
1774050833635 91.80999755859375 0
1774051167757 91.80999755859375 0
1774051498562 91.80999755859375 0
1774051831338 91.80999755859375 0
1774052163029 91.80999755859375 0
1774052496145 91.80999755859375 0
1774052829647 91.80999755859375 0
1774053160173 91.80999755859375 0
1774053494161 91.80999755859375 0
1774053825332 91.80999755859375 0
1774054158562 91.80999755859375 0
1774054489449 91.80999755859375 0
1774054823234 91.80999755859375 0
1774055154216 91.80999755859375 0
1774055487141 91.80999755859375 0
1774055821368 91.80999755859375 0
1774056151783 91.80999755859375 0
1774056485667 91.80999755859375 0
1774056817064 91.80999755859375 0
1774057150951 91.80999755859375 0
1774057481304 91.80999755859375 0
1774057815320 91.80999755859375 0
1774058147191 91.80999755859375 0
1774058479271 91.80999755859375 0
1774058813352 91.80999755859375 0
1774059144549 91.80999755859375 0
1774059477582 91.80999755859375 0
1774059808801 91.80999755859375 0
1774060142943 91.80999755859375 0
1774060473247 91.80999755859375 0
1774060807374 91.80999755859375 0
1774061139706 91.80999755859375 0
1774061472319 91.80999755859375 0
1774061698579 91.80999755859375 0
1774061917991 91.80999755859375 0
1774062188169 91.80999755859375 0
1774062519516 91.80999755859375 0
1774062853952 91.80999755859375 0
1774063185646 91.80999755859375 0
1774063520166 91.80999755859375 0
1774063853468 91.80999755859375 0
1774064186731 91.80999755859375 0
1774064521167 91.80999755859375 0
1774064853040 91.80999755859375 0
1774065187526 91.80999755859375 0
1774065519273 91.80999755859375 0
1774065909296 91.80999755859375 0
1774066353871 91.80999755859375 0
1774066798408 91.80999755859375 0
1774067244460 91.80999755859375 0
1774067689889 91.80999755859375 0
1774068139948 91.80999755859375 0
1774068583937 91.80999755859375 0
1774069028793 91.80999755859375 0
1774069473151 91.80999755859375 0
1774069917740 91.80999755859375 0
1774070362351 91.80999755859375 0
1774070806895 91.80999755859375 0
1774071252713 91.80999755859375 0
1774071696002 91.80999755859375 0
1774072142421 91.80999755859375 0
1774072586306 91.80999755859375 0
1774073030941 91.80999755859375 0
1774073475453 91.80999755859375 0
1774073919552 91.80999755859375 0
1774074364094 91.80999755859375 0
1774074808286 91.80999755859375 0
1774075254346 91.80999755859375 0
1774075697604 91.80999755859375 0
1774076144337 91.80999755859375 0
1774076588744 91.80999755859375 0
1774077033349 91.80999755859375 0
1774077477800 91.80999755859375 0
1774077921896 91.80999755859375 0
1774078366201 91.80999755859375 0
1774078810573 91.80999755859375 0
1774079256570 91.80999755859375 0
1774079699802 91.80999755859375 0
1774080146399 91.80999755859375 0
1774080590718 91.80999755859375 0
