1774010903486 3.9490560540008546 1
1774011236556 3.42546149269104 2
1774011572075 3.0326998484039307 3
1774011905062 2.761745519332886 4
1774012239525 2.5147926946640013 5
1774012571569 2.334704630355835 6
1774012906595 2.1758222859191894 7
1774013237308 2.037349420928955 8
1774013571872 1.9439872902679443 9
1774013905427 1.8505427184295655 10
1774014236922 1.7326107968139648 11
1774014571243 1.6706586577606202 12
1774014902642 1.5992696788024903 13
1774015236289 1.5091797995376588 14
1774015567516 1.4461668130111693 15
1774015900667 1.3985755066680907 16
1774016230730 1.3542247693252563 17
1774016563764 1.2836328219985962 18
1774016895708 1.2371762965774535 19
1774017227145 1.1891816004180908 20
1774017560439 1.1438354474258423 21
1774017891472 1.10125652759552 22
1774018225304 1.0483356492424012 23
1774018555136 1.0179830542373658 24
1774018887900 0.9847431568908691 25
1774019217875 0.9552833401489258 26
1774019550741 0.9035956199645996 27
1774019882477 0.8842956615066528 28
1774020213313 0.7110402303981781 29
1774020547287 0.6522914722061157 30
1774020876772 0.6378708296489716 31
1774021209866 0.6194581921386719 32
1774021540297 0.6078051747775077 33
1774021872999 0.5769166318702698 34
1774022203502 0.5702800226783753 35
1774022537087 0.5571900206160545 36
1774022869372 0.5533929462003708 37
1774023200931 0.4614041892051697 38
1774023535071 0.44385689729690553 39
1774023865707 0.44536457511484623 40
1774024199025 0.4279555519413948 41
1774024530234 0.3959137669754028 42
1774024864466 0.4039919322872162 43
1774025194777 0.3639596559460461 44
1774025529202 0.3664133672094345 45
1774025863010 0.3548570916583389 46
1774026193987 0.3644141320157051 47
1774026528120 0.36119002161026004 48
1774026859419 0.34095976342141626 49
1774027192758 0.33364806485235693 50
1774027524120 0.3177533631786332 51
1774027858199 0.3337860334420204 52
1774028189664 0.31559823435097933 53
1774028523005 0.3164330866114795 54
1774028856732 0.3225053666380048 55
1774029188249 0.30634437115579843 56
1774029521765 0.304953506037537 57
1774029852915 0.30481379141151904 58
1774030186699 0.31601238569498064 59
1774030517063 0.29212028361201287 60
1774030851411 0.2837091934192181 61
1774031183120 0.29689026597358287 62
1774031516077 0.3036792361279763 63
1774031849782 0.2828373181945086 64
1774032181495 0.2982987416397035 65
1774032515107 0.29349443728797137 66
1774032845671 0.29452958390586076 67
1774033180032 0.2856081231532991 68
1774033511371 0.3053274349603057 69
1774033844285 0.2840270290839672 70
1774034176040 0.2860983575599408 71
1774034509817 0.285601654721722 72
1774034843040 0.2829913412818313 73
1774035174304 0.2792920351382345 74
1774035508644 0.2940740718973428 75
1774035839151 0.29069005848497154 76
1774036173447 0.29055139729661866 77
1774036504734 0.28515903103008866 78
1774036838298 0.29351522623479365 79
1774037170142 0.30826135491643103 80
1774037503857 0.281291171219232 81
1774037837913 0.3018284663909674 82
1774038168612 0.2789527031046199 83
1774038502785 0.2886289457587723 84
1774038834078 0.2798902517174557 85
1774039167448 0.27904163157543166 86
1774039498989 0.28327663676157594 87
1774039833140 0.2981540043494292 88
1774040164439 0.28139011400777847 89
1774040497876 0.29857426253929736 90
1774040832006 0.2991785105893202 91
1774041162372 0.27545964966937897 92
1774041496654 0.2888070639033336 93
1774041827783 0.2816356044853851 94
1774042161378 0.2875560260695219 95
1774042492160 0.2930033218146861 96
1774042826182 0.29934114961747316 97
1774043158081 0.2909988055151701 98
1774043490572 0.30107270256426183 99
1774043824518 0.2850359727711789 100
1774044155644 0.2985002615889907 101
1774044488898 0.26702371108343825 102
1774044820159 0.29740957417879255 103
1774045154206 0.28795079060385004 104
1774045484234 0.28655286646082995 105
1774045818172 0.27406820023914796 106
1774046150494 0.29614953879207373 107
1774046483324 0.29919960770130155 108
1774046816608 0.27892033074468375 109
1774047148665 0.29715110822469 110
1774047483779 0.29005686904137024 111
1774047815130 0.2895849314460158 112
1774048149705 0.281453450332582 113
1774048480926 0.26876254022561014 114
1774048813398 0.28363963469903913 115
1774049145543 0.29433337571620943 116
1774049478227 0.2852176436717808 117
1774049811160 0.29736779180407524 118
1774050142404 0.2802283508237265 119
1774050476463 0.29342725505416517 120
1774050807068 0.3011831504815817 121
1774051140814 0.2963120915879495 122
1774051471669 0.27609107824198903 123
1774051805182 0.2887922070482373 124
1774052136803 0.28053808726573365 125
1774052469222 0.3104814391823113 126
1774052802877 0.2871134538036585 127
1774053133216 0.2832048720996827 128
1774053467253 0.28152289824485777 129
1774053798346 0.3030752480558306 130
1774054131632 0.3063260720704496 131
1774054462554 0.29278780811472793 132
1774054796284 0.2864496652348712 133
1774055128313 0.2882253696220141 134
1774055460167 0.29615871764201673 135
1774055794322 0.2920621771337092 136
1774056125738 0.28364437387302516 137
1774056458728 0.28814397228866817 138
1774056790001 0.2765152821010351 139
1774057124206 0.30390593650906345 140
1774057454381 0.2873418577859178 141
1774057788345 0.2781344254095852 142
1774058120997 0.2899313569149375 143
1774058452301 0.2816940808556415 144
1774058786393 0.29050355101358144 145
1774059117569 0.2939311236040574 146
1774059450823 0.2861425797599554 147
1774059781870 0.3006756476995582 148
1774060115965 0.28429914013721047 149
1774060447137 0.27915554959112776 150
1774060780424 0.2996509592988901 151
1774061113487 0.2940416991299577 152
1774061445682 0.29511465452611446 153
1774061680758 0.2812197113939747 154
1774061900246 0.30287292784392833 155
1774062161154 0.2789209187269211 156
1774062492554 0.2731893505128473 157
1774062826906 0.2820918133046851 158
1774063158654 0.28871049681663513 159
1774063493181 0.29136752158254386 160
1774063827192 0.2947006355721317 161
1774064159738 0.28250648316144944 162
1774064494175 0.29149981053701485 163
1774064826064 0.2843747040994093 164
1774065160555 0.29404473203032744 165
1774065492261 0.28254415216602385 166
1774065873072 0.29515426731466315 167
1774066317199 0.2842747477430082 168
1774066761832 0.27936195159922356 169
1774067208549 0.29559196531906723 170
1774067653366 0.27909174365650863 171
1774068103197 0.2883243093326688 172
1774068547773 0.29498991412304343 173
1774068992242 0.28951268438100813 174
1774069436538 0.29309215464442967 175
1774069880982 0.28516416381001475 176
1774070325699 0.28636567405581476 177
1774070770319 0.28557001110306474 178
1774071216891 0.29458363850854336 179
1774071660002 0.28723516273379324 180
1774072105904 0.2928012404021621 181
1774072550137 0.28039882098555563 182
1774072994291 0.2915708608615398 183
1774073438788 0.2853582872080803 184
1774073883034 0.2950427086660266 185
1774074327637 0.28829660892527087 186
1774074771716 0.2910701202603243 187
1774075218270 0.2815214237766899 188
1774075661672 0.28345586971979586 189
1774076107751 0.2973708616092242 190
1774076552216 0.290023139667511 191
1774076996738 0.29463657447218894 192
1774077441127 0.27962253137618304 193
1774077885266 0.28871661773502827 194
1774078329857 0.3081801977122575 195
1774078773995 0.29033319666087626 196
1774079220718 0.27806986622374213 197
1774079663860 0.29536732736106963 198
1774080109765 0.27908982517212627 199
1774080554187 0.3101196389514208 200
