1774010929434 0.001 1
1774011264098 0.001 2
1774011599680 0.001 3
1774011931989 0.001 4
1774012267070 0.001 5
1774012599116 0.001 6
1774012933939 0.001 7
1774013264564 0.001 8
1774013599112 0.001 9
1774013931890 0.001 10
1774014264183 0.001 11
1774014598260 0.001 12
1774014929734 0.001 13
1774015263231 0.001 14
1774015594609 0.001 15
1774015927584 0.001 16
1774016257030 0.001 17
1774016590845 0.001 18
1774016922020 0.001 19
1774017254302 0.001 20
1774017587528 0.001 21
1774017918549 0.001 22
1774018252277 0.001 23
1774018582052 0.001 24
1774018915010 0.001 25
1774019244789 0.001 26
1774019577016 0.001 27
1774019908776 0.0005 28
1774020240426 0.0005 29
1774020573795 0.0005 30
1774020903848 0.0005 31
1774021236823 0.0005 32
1774021567302 0.0005 33
1774021899935 0.0005 34
1774022230416 0.0005 35
1774022564128 0.0005 36
1774022895673 0.00025 37
1774023228088 0.00025 38
1774023562023 0.00025 39
1774023892081 0.00025 40
1774024226002 0.00025 41
1774024557418 0.00025 42
1774024891035 0.000125 43
1774025222012 0.000125 44
1774025556400 0.000125 45
1774025889321 0.000125 46
1774026221000 0.000125 47
1774026555088 0.000125 48
1774026886384 6.25e-05 49
1774027219787 6.25e-05 50
1774027551068 6.25e-05 51
1774027885382 6.25e-05 52
1774028215908 6.25e-05 53
1774028550011 6.25e-05 54
1774028882996 3.125e-05 55
1774029214822 3.125e-05 56
1774029548744 3.125e-05 57
1774029879831 3.125e-05 58
1774030213601 3.125e-05 59
1774030544249 3.125e-05 60
1774030878367 1.5625e-05 61
1774031209747 1.5625e-05 62
1774031543073 1.5625e-05 63
1774031876077 1.5625e-05 64
1774032208503 1.5625e-05 65
1774032541706 1.5625e-05 66
1774032872709 7.8125e-06 67
1774033207042 7.8125e-06 68
1774033537389 7.8125e-06 69
1774033871323 7.8125e-06 70
1774034202530 7.8125e-06 71
1774034536642 7.8125e-06 72
1774034869345 3.90625e-06 73
1774035201386 3.90625e-06 74
1774035535656 3.90625e-06 75
1774035866210 3.90625e-06 76
1774036200455 3.90625e-06 77
1774036531724 3.90625e-06 78
1774036865049 1.953125e-06 79
1774037196604 1.953125e-06 80
1774037530858 1.953125e-06 81
1774037863420 1.953125e-06 82
1774038195652 1.953125e-06 83
1774038529806 1.953125e-06 84
1774038860697 9.765625e-07 85
1774039194601 9.765625e-07 86
1774039525951 9.765625e-07 87
1774039860158 9.765625e-07 88
1774040190707 9.765625e-07 89
1774040524961 9.765625e-07 90
1774040858381 4.8828125e-07 91
1774041189387 4.8828125e-07 92
1774041523611 4.8828125e-07 93
1774041854709 4.8828125e-07 94
1774042187713 4.8828125e-07 95
1774042519096 4.8828125e-07 96
1774042853123 2.44140625e-07 97
1774043183983 2.44140625e-07 98
1774043517524 2.44140625e-07 99
1774043850988 2.44140625e-07 100
1774044182639 2.44140625e-07 101
1774044515906 2.44140625e-07 102
1774044847095 1.220703125e-07 103
1774045181232 1.220703125e-07 104
1774045511150 1.220703125e-07 105
1774045845117 1.220703125e-07 106
1774046176904 1.220703125e-07 107
1774046509710 1.220703125e-07 108
1774046843291 6.103515625e-08 109
1774047175985 6.103515625e-08 110
1774047510349 6.103515625e-08 111
1774047842284 6.103515625e-08 112
1774048176867 6.103515625e-08 113
1774048507790 6.103515625e-08 114
1774048840312 3.0517578125e-08 115
1774049171891 3.0517578125e-08 116
1774049505134 3.0517578125e-08 117
1774049838137 3.0517578125e-08 118
1774050169382 3.0517578125e-08 119
1774050503387 3.0517578125e-08 120
1774050833636 1.52587890625e-08 121
1774051167758 1.52587890625e-08 122
1774051498563 1.52587890625e-08 123
1774051831339 1.52587890625e-08 124
1774052163030 1.52587890625e-08 125
1774052496146 1.52587890625e-08 126
1774052829649 1.52587890625e-08 127
1774053160174 1.52587890625e-08 128
1774053494162 1.52587890625e-08 129
1774053825334 1.52587890625e-08 130
1774054158563 1.52587890625e-08 131
1774054489450 1.52587890625e-08 132
1774054823235 1.52587890625e-08 133
1774055154217 1.52587890625e-08 134
1774055487142 1.52587890625e-08 135
1774055821370 1.52587890625e-08 136
1774056151785 1.52587890625e-08 137
1774056485668 1.52587890625e-08 138
1774056817065 1.52587890625e-08 139
1774057150953 1.52587890625e-08 140
1774057481305 1.52587890625e-08 141
1774057815322 1.52587890625e-08 142
1774058147192 1.52587890625e-08 143
1774058479272 1.52587890625e-08 144
1774058813353 1.52587890625e-08 145
1774059144550 1.52587890625e-08 146
1774059477583 1.52587890625e-08 147
1774059808803 1.52587890625e-08 148
1774060142944 1.52587890625e-08 149
1774060473248 1.52587890625e-08 150
1774060807376 1.52587890625e-08 151
1774061139708 1.52587890625e-08 152
1774061472320 1.52587890625e-08 153
1774061698580 1.52587890625e-08 154
1774061917992 1.52587890625e-08 155
1774062188169 1.52587890625e-08 156
1774062519518 1.52587890625e-08 157
1774062853953 1.52587890625e-08 158
1774063185648 1.52587890625e-08 159
1774063520167 1.52587890625e-08 160
1774063853469 1.52587890625e-08 161
1774064186732 1.52587890625e-08 162
1774064521169 1.52587890625e-08 163
1774064853041 1.52587890625e-08 164
1774065187527 1.52587890625e-08 165
1774065519275 1.52587890625e-08 166
1774065909297 1.52587890625e-08 167
1774066353872 1.52587890625e-08 168
1774066798409 1.52587890625e-08 169
1774067244461 1.52587890625e-08 170
1774067689890 1.52587890625e-08 171
1774068139949 1.52587890625e-08 172
1774068583939 1.52587890625e-08 173
1774069028794 1.52587890625e-08 174
1774069473153 1.52587890625e-08 175
1774069917741 1.52587890625e-08 176
1774070362352 1.52587890625e-08 177
1774070806896 1.52587890625e-08 178
1774071252714 1.52587890625e-08 179
1774071696003 1.52587890625e-08 180
1774072142423 1.52587890625e-08 181
1774072586307 1.52587890625e-08 182
1774073030942 1.52587890625e-08 183
1774073475455 1.52587890625e-08 184
1774073919553 1.52587890625e-08 185
1774074364096 1.52587890625e-08 186
1774074808287 1.52587890625e-08 187
1774075254347 1.52587890625e-08 188
1774075697605 1.52587890625e-08 189
1774076144338 1.52587890625e-08 190
1774076588745 1.52587890625e-08 191
1774077033350 1.52587890625e-08 192
1774077477802 1.52587890625e-08 193
1774077921898 1.52587890625e-08 194
1774078366203 1.52587890625e-08 195
1774078810574 1.52587890625e-08 196
1774079256571 1.52587890625e-08 197
1774079699803 1.52587890625e-08 198
1774080146400 1.52587890625e-08 199
1774080590719 1.52587890625e-08 200
