1774309107393 44.562129974365234 1
1774309166049 64.35029602050781 2
1774309223888 81.65848541259766 3
1774309281212 89.95092010498047 4
1774309340653 91.78507232666016 5
1774309397918 93.7483901977539 6
1774309458527 94.7817153930664 7
1774309517063 95.6083755493164 8
1774309574565 96.09920501708984 9
1774309632479 96.51253509521484 10
1774309690516 96.92586517333984 11
1774309750912 97.33918762207031 12
1774309808910 97.44252014160156 13
1774309867874 97.88168334960938 14
1774309925461 98.21751403808594 15
1774309983015 98.39834594726562 16
1774310040777 98.37251281738281 17
1774310099046 98.68251037597656 18
1774310156995 98.29501342773438 19
1774310222933 98.94084167480469 20
1774310288573 98.88917541503906 21
1774310346586 98.63084411621094 22
1774310406028 99.22500610351562 23
1774310470436 99.50917053222656 24
1774310533818 99.71583557128906 25
1774310591567 99.61250305175781 26
1774310650823 99.63833618164062 27
1774310715063 99.63833618164062 28
1774310772234 99.74166870117188 29
1774310830133 99.84500122070312 30
1774310887569 99.89666748046875 31
1774310946954 99.7933349609375 32
1774311004943 99.81916809082031 33
1774311062465 99.87083435058594 34
1774311119697 99.84500122070312 35
1774311179077 99.92250061035156 36
1774311236490 99.89666748046875 37
1774311295306 99.92250061035156 38
1774311353130 99.89666748046875 39
1774311412139 99.94833374023438 40
1774311469915 99.97416687011719 41
1774311528518 99.92250061035156 42
1774311589662 99.89666748046875 43
1774311648235 99.92250061035156 44
1774311705954 99.92250061035156 45
1774311765828 99.92250061035156 46
1774311823109 99.92250061035156 47
1774311881826 99.89666748046875 48
1774311942275 99.89666748046875 49
1774311999857 99.92250061035156 50
1774312057113 99.92250061035156 51
1774312114716 99.94833374023438 52
1774312172750 99.87083435058594 53
1774312231459 99.94833374023438 54
1774312289257 99.89666748046875 55
1774312347885 99.97416687011719 56
1774312406316 99.94833374023438 57
1774312464461 99.97416687011719 58
1774312522148 99.94833374023438 59
1774312579601 99.92250061035156 60
1774312637311 99.92250061035156 61
1774312695767 99.94833374023438 62
1774312753964 99.89666748046875 63
1774312816905 99.89666748046875 64
1774312875406 99.94833374023438 65
1774312936060 99.94833374023438 66
1774312994130 99.94833374023438 67
1774313053179 99.97416687011719 68
1774313112798 99.97416687011719 69
1774313170610 99.92250061035156 70
1774313228408 99.97416687011719 71
1774313286913 99.94833374023438 72
1774313347014 99.94833374023438 73
1774313404469 99.92250061035156 74
1774313462030 99.97416687011719 75
1774313520270 99.94833374023438 76
1774313577605 99.89666748046875 77
1774313638794 99.94833374023438 78
1774313697757 99.94833374023438 79
1774313755692 99.94833374023438 80
1774313817889 99.94833374023438 81
1774313876217 99.94833374023438 82
1774313937593 99.97416687011719 83
1774313995126 99.97416687011719 84
1774314059200 99.92250061035156 85
1774314120750 99.92250061035156 86
1774314178268 99.94833374023438 87
1774314236077 99.94833374023438 88
1774314294620 99.92250061035156 89
1774314351642 99.97416687011719 90
1774314408961 99.89666748046875 91
1774314467553 99.97416687011719 92
1774314525106 99.97416687011719 93
1774314582373 99.94833374023438 94
1774314640579 99.97416687011719 95
1774314698818 99.94833374023438 96
1774314756525 99.92250061035156 97
1774314813651 99.94833374023438 98
1774314872379 99.94833374023438 99
1774314932391 99.92250061035156 100
1774314990221 99.97416687011719 101
1774315047555 99.94833374023438 102
1774315106120 99.92250061035156 103
1774315164542 99.97416687011719 104
1774315222736 99.97416687011719 105
1774315281114 99.94833374023438 106
1774315338648 99.94833374023438 107
1774315396602 99.97416687011719 108
1774315453970 99.94833374023438 109
1774315512209 99.94833374023438 110
1774315571149 99.94833374023438 111
1774315632404 99.94833374023438 112
1774315698333 99.97416687011719 113
1774315759464 99.92250061035156 114
1774315816776 99.92250061035156 115
1774315874144 99.97416687011719 116
1774315931572 99.94833374023438 117
1774315989491 99.92250061035156 118
1774316048034 99.92250061035156 119
1774316105529 99.94833374023438 120
1774316164235 100.0 121
1774316221662 99.97416687011719 122
1774316280055 99.94833374023438 123
1774316338913 99.94833374023438 124
1774316396695 99.94833374023438 125
1774316455063 100.0 126
1774316512945 99.94833374023438 127
1774316572360 99.94833374023438 128
1774316629200 99.92250061035156 129
1774316687068 99.89666748046875 130
1774316747127 99.92250061035156 131
1774316804786 99.92250061035156 132
1774316862548 99.97416687011719 133
1774316920266 99.94833374023438 134
1774316980785 99.94833374023438 135
1774317038570 99.94833374023438 136
1774317096665 99.89666748046875 137
1774317154743 99.94833374023438 138
1774317212449 99.94833374023438 139
1774317272120 99.89666748046875 140
1774317330698 99.97416687011719 141
1774317388747 99.92250061035156 142
1774317446492 99.94833374023438 143
1774317508822 99.92250061035156 144
1774317568435 99.94833374023438 145
1774317626351 99.92250061035156 146
1774317684766 99.97416687011719 147
1774317743521 99.89666748046875 148
1774317802757 99.97416687011719 149
1774317861237 99.92250061035156 150
1774317919830 99.94833374023438 151
1774317979386 99.89666748046875 152
1774318037730 99.92250061035156 153
1774318095777 99.92250061035156 154
1774318153449 99.94833374023438 155
1774318210871 99.94833374023438 156
1774318268420 99.92250061035156 157
1774318327121 99.89666748046875 158
1774318385406 99.94833374023438 159
1774318447012 99.94833374023438 160
1774318507887 99.94833374023438 161
1774318566201 99.92250061035156 162
1774318624583 99.92250061035156 163
1774318686196 99.92250061035156 164
1774318746293 99.97416687011719 165
1774318804813 99.94833374023438 166
1774318862526 99.94833374023438 167
1774318920094 99.97416687011719 168
1774318979076 99.94833374023438 169
1774319036562 99.97416687011719 170
1774319096821 99.92250061035156 171
1774319155059 99.89666748046875 172
1774319212408 99.94833374023438 173
1774319269832 99.94833374023438 174
1774319328954 99.89666748046875 175
1774319386483 99.92250061035156 176
1774319444891 99.89666748046875 177
1774319502215 99.94833374023438 178
1774319559696 99.97416687011719 179
1774319618192 99.97416687011719 180
1774319676213 99.92250061035156 181
1774319734580 99.94833374023438 182
1774319792033 99.92250061035156 183
1774319851033 99.89666748046875 184
1774319910105 99.94833374023438 185
1774319967927 99.94833374023438 186
1774320025784 99.97416687011719 187
1774320082933 99.94833374023438 188
1774320146226 99.94833374023438 189
1774320205491 99.94833374023438 190
1774320267476 99.94833374023438 191
1774320327122 99.97416687011719 192
1774320388144 99.94833374023438 193
1774320446358 99.92250061035156 194
1774320508374 99.94833374023438 195
1774320567069 99.97416687011719 196
1774320624504 99.94833374023438 197
1774320683815 99.94833374023438 198
1774320745191 99.92250061035156 199
1774320802595 100.0 200
