1774309113220 62.1212158203125 0
1774309171388 81.43939971923828 0
1774309229439 93.18182373046875 0
1774309286705 95.07575988769531 0
1774309345896 95.07575988769531 0
1774309403518 95.07575988769531 0
1774309463939 95.83333587646484 0
1774309522669 95.83333587646484 0
1774309580241 97.3484878540039 0
1774309638446 97.3484878540039 0
1774309696132 97.3484878540039 0
1774309756469 97.3484878540039 0
1774309814457 97.3484878540039 0
1774309873336 97.3484878540039 0
1774309930838 97.3484878540039 0
1774309988411 97.3484878540039 0
1774310046260 97.3484878540039 0
1774310105117 97.3484878540039 0
1774310162394 97.3484878540039 0
1774310228455 97.3484878540039 0
1774310293957 97.3484878540039 0
1774310352326 97.3484878540039 0
1774310411576 97.3484878540039 0
1774310476104 97.3484878540039 0
1774310539265 97.3484878540039 0
1774310597310 97.3484878540039 0
1774310656593 97.7272720336914 0
1774310720320 97.7272720336914 0
1774310777950 97.7272720336914 0
1774310835792 97.7272720336914 0
1774310893238 97.7272720336914 0
1774310952263 97.7272720336914 0
1774311010266 97.7272720336914 0
1774311067773 97.7272720336914 0
1774311124985 97.7272720336914 0
1774311184444 97.7272720336914 0
1774311241828 97.7272720336914 0
1774311300595 97.7272720336914 0
1774311358664 97.7272720336914 0
1774311417355 97.7272720336914 0
1774311475450 97.7272720336914 0
1774311534001 97.7272720336914 0
1774311594974 97.7272720336914 0
1774311653958 97.7272720336914 0
1774311711436 97.7272720336914 0
1774311771194 97.7272720336914 0
1774311828451 97.7272720336914 0
1774311887155 97.7272720336914 0
1774311947825 97.7272720336914 0
1774312005359 97.7272720336914 0
1774312062512 97.7272720336914 0
1774312120460 97.7272720336914 0
1774312178142 97.7272720336914 0
1774312236808 97.7272720336914 0
1774312295118 97.7272720336914 0
1774312353371 97.7272720336914 0
1774312412161 97.7272720336914 0
1774312469809 97.7272720336914 0
1774312527686 97.7272720336914 0
1774312585305 97.7272720336914 0
1774312642453 97.7272720336914 0
1774312701294 97.7272720336914 0
1774312759325 97.7272720336914 0
1774312822447 97.7272720336914 0
1774312881017 97.7272720336914 0
1774312941359 97.7272720336914 0
1774312999760 97.7272720336914 0
1774313058985 97.7272720336914 0
1774313118253 97.7272720336914 0
1774313176163 97.7272720336914 0
1774313233682 97.7272720336914 0
1774313292410 97.7272720336914 0
1774313352287 97.7272720336914 0
1774313409792 97.7272720336914 0
1774313467361 97.7272720336914 0
1774313525716 97.7272720336914 0
1774313583242 97.7272720336914 0
1774313644712 97.7272720336914 0
1774313703471 97.7272720336914 0
1774313761110 97.7272720336914 0
1774313823370 97.7272720336914 0
1774313881726 97.7272720336914 0
1774313943135 97.7272720336914 0
1774314000631 97.7272720336914 0
1774314064632 97.7272720336914 0
1774314126106 97.7272720336914 0
1774314183884 97.7272720336914 0
1774314241697 97.7272720336914 0
1774314299780 97.7272720336914 0
1774314356959 97.7272720336914 0
1774314414959 97.7272720336914 0
1774314472872 97.7272720336914 0
1774314530624 97.7272720336914 0
1774314587896 97.7272720336914 0
1774314646162 97.7272720336914 0
1774314704540 97.7272720336914 0
1774314762057 97.7272720336914 0
1774314819492 97.7272720336914 0
1774314878299 97.7272720336914 0
1774314937785 97.7272720336914 0
1774314995475 97.7272720336914 0
1774315052925 97.7272720336914 0
1774315111911 97.7272720336914 0
1774315170374 97.7272720336914 0
1774315228058 97.7272720336914 0
1774315286669 97.7272720336914 0
1774315344482 97.7272720336914 0
1774315401893 97.7272720336914 0
1774315459254 97.7272720336914 0
1774315517862 97.7272720336914 0
1774315576300 97.7272720336914 0
1774315637792 97.7272720336914 0
1774315703984 97.7272720336914 0
1774315764937 97.7272720336914 0
1774315822310 97.7272720336914 0
1774315879703 97.7272720336914 0
1774315936886 97.7272720336914 0
1774315995410 97.7272720336914 0
1774316053598 97.7272720336914 0
1774316111108 97.7272720336914 0
1774316169851 97.7272720336914 0
1774316227381 97.7272720336914 0
1774316285259 97.7272720336914 0
1774316344602 97.7272720336914 0
1774316402007 97.7272720336914 0
1774316460593 97.7272720336914 0
1774316518532 97.7272720336914 0
1774316577733 97.7272720336914 0
1774316634951 97.7272720336914 0
1774316692386 97.7272720336914 0
1774316752837 97.7272720336914 0
1774316810447 97.7272720336914 0
1774316868292 97.7272720336914 0
1774316926124 97.7272720336914 0
1774316986227 97.7272720336914 0
1774317043895 97.7272720336914 0
1774317102241 97.7272720336914 0
1774317160076 97.7272720336914 0
1774317217820 97.7272720336914 0
1774317277875 97.7272720336914 0
1774317336026 97.7272720336914 0
1774317394089 97.7272720336914 0
1774317451852 97.7272720336914 0
1774317514225 97.7272720336914 0
1774317573775 97.7272720336914 0
1774317631766 97.7272720336914 0
1774317690363 97.7272720336914 0
1774317749444 97.7272720336914 0
1774317808090 97.7272720336914 0
1774317866858 97.7272720336914 0
1774317925988 97.7272720336914 0
1774317984712 97.7272720336914 0
1774318043408 97.7272720336914 0
1774318101103 97.7272720336914 0
1774318158762 97.7272720336914 0
1774318216432 97.7272720336914 0
1774318273966 97.7272720336914 0
1774318332447 97.7272720336914 0
1774318390861 97.7272720336914 0
1774318452574 97.7272720336914 0
1774318513224 97.7272720336914 0
1774318571654 97.7272720336914 0
1774318630255 97.7272720336914 0
1774318691519 97.7272720336914 0
1774318751612 97.7272720336914 0
1774318810327 97.7272720336914 0
1774318867897 97.7272720336914 0
1774318925427 97.7272720336914 0
1774318984462 97.7272720336914 0
1774319041899 97.7272720336914 0
1774319102165 97.7272720336914 0
1774319160379 97.7272720336914 0
1774319218059 97.7272720336914 0
1774319275145 97.7272720336914 0
1774319334288 97.7272720336914 0
1774319392045 97.7272720336914 0
1774319450216 97.7272720336914 0
1774319507650 97.7272720336914 0
1774319565342 97.7272720336914 0
1774319623531 97.7272720336914 0
1774319681698 97.7272720336914 0
1774319740243 97.7272720336914 0
1774319797312 97.7272720336914 0
1774319856629 97.7272720336914 0
1774319915929 97.7272720336914 0
1774319973371 97.7272720336914 0
1774320031246 97.7272720336914 0
1774320088469 97.7272720336914 0
1774320151905 97.7272720336914 0
1774320211282 97.7272720336914 0
1774320272589 97.7272720336914 0
1774320332692 97.7272720336914 0
1774320393724 97.7272720336914 0
1774320451912 97.7272720336914 0
1774320513699 97.7272720336914 0
1774320572551 97.7272720336914 0
1774320629783 97.7272720336914 0
1774320689639 97.7272720336914 0
1774320750425 97.7272720336914 0
1774320808137 97.7272720336914 0
