1774309107394 8.953380396741208 1
1774309166051 5.902875614424942 2
1774309223890 3.7616152765019053 3
1774309281213 2.3617708542352496 4
1774309340655 2.185407017845805 5
1774309397919 1.5960685835951027 6
1774309458529 1.2530361012689128 7
1774309517065 1.2129754083670543 8
1774309574567 1.0110888972529741 9
1774309632480 0.9046740175808894 10
1774309690519 0.7748391462806322 11
1774309750914 0.6889956073158101 12
1774309808912 0.5825764413459789 13
1774309867876 0.5923015714934775 14
1774309925463 0.5273855053490198 15
1774309983017 0.46289693803754833 16
1774310040778 0.48390237215975707 17
1774310099049 0.334893577712689 18
1774310156997 0.4491474691254823 19
1774310222935 0.33594646694770247 20
1774310288575 0.3367295316248046 21
1774310346588 0.35756913915959254 22
1774310406030 0.2267239549977175 23
1774310470438 0.15535426617204248 24
1774310533819 0.07012831067102633 25
1774310591570 0.10898762368341967 26
1774310650824 0.11510754955738167 27
1774310715064 0.09521874335070678 28
1774310772237 0.08868672983478171 29
1774310830134 0.051131608908490334 30
1774310887571 0.024523038808706512 31
1774310946955 0.05436973666011502 32
1774311004945 0.06496890597552787 33
1774311062467 0.024601993729536996 34
1774311119699 0.041179116772021816 35
1774311179079 0.021558154046572655 36
1774311236493 0.016345999211797645 37
1774311295308 0.01759362867156224 38
1774311353132 0.013179214832196862 39
1774311412141 0.019169840458862282 40
1774311469919 0.007130057031533546 41
1774311528520 0.01599825113372726 42
1774311589664 0.0062879569257350415 43
1774311648237 0.006543742599507783 44
1774311705956 0.018656598645616928 45
1774311765830 0.016812130325828897 46
1774311823111 0.006454575593002021 47
1774311881828 0.010597751726324439 48
1774311942277 0.016860982392904948 49
1774311999860 0.0100153088575482 50
1774312057115 0.0041404495988203805 51
1774312114719 0.012468029774275054 52
1774312172751 0.027105643586012616 53
1774312231460 0.007987685489561023 54
1774312289258 0.01953539562545615 55
1774312347887 0.005311928058997354 56
1774312406317 0.008506725039909242 57
1774312464463 0.0025884193894833364 58
1774312522151 0.019463194721372583 59
1774312579602 0.010484004661236827 60
1774312637313 0.013841598194950936 61
1774312695768 0.008214878161358172 62
1774312753965 0.010229662508715558 63
1774312816907 0.0063176485525740745 64
1774312875407 0.0060704696886920585 65
1774312936062 0.003911796771520132 66
1774312994131 0.0030250369624094816 67
1774313053181 0.0010818934777840176 68
1774313112800 0.008182298597872475 69
1774313170612 0.00582648018154659 70
1774313228410 0.002743737960060278 71
1774313286915 0.0014921388432699956 72
1774313347016 0.0076474394334004065 73
1774313404471 0.011192705612136594 74
1774313462031 0.0006038784110801678 75
1774313520272 0.003091134598284063 76
1774313577606 0.021936121266561255 77
1774313638796 0.012400092615265175 78
1774313697759 0.013169656729303649 79
1774313755693 0.021037672703873477 80
1774313817891 0.01430147915525707 81
1774313876219 0.004990182101048058 82
1774313937595 0.004856807732362073 83
1774313995127 0.000721610637808603 84
1774314059201 0.007755106039104106 85
1774314120752 0.008019861697235757 86
1774314178269 0.005144037747069002 87
1774314236079 0.0027576225452146485 88
1774314294621 0.022279626151171027 89
1774314351643 0.001988854927129445 90
1774314408963 0.011040044613076685 91
1774314467555 0.01052734499573282 92
1774314525108 0.003162922235970403 93
1774314582375 0.008207013835309189 94
1774314640581 0.000837969992822962 95
1774314698820 0.010112456273268839 96
1774314756526 0.004198069814306298 97
1774314813653 0.004206457131331622 98
1774314872381 0.001911987632587396 99
1774314932392 0.004197530677477917 100
1774314990223 0.0044003492965831855 101
1774315047557 0.011394473925200167 102
1774315106122 0.007514186104837683 103
1774315164544 0.0016792075680103875 104
1774315222738 0.007370120675096849 105
1774315281116 0.007872318958162835 106
1774315338651 0.007058319117660248 107
1774315396604 0.007957163719867807 108
1774315453971 0.00936614630481111 109
1774315512211 0.006390062906317051 110
1774315571151 0.00642991989805795 111
1774315632406 0.005503888071336205 112
1774315698334 0.0008417523416746642 113
1774315759465 0.011529511630569289 114
1774315816778 0.010111359416958475 115
1774315874147 0.003831224499982285 116
1774315931573 0.0063576817896130655 117
1774315989492 0.012598592429923472 118
1774316048037 0.007150188461812206 119
1774316105531 0.005613410127221439 120
1774316164237 3.2380518913871513e-06 121
1774316221663 0.006766184607892765 122
1774316280056 0.007955176324168091 123
1774316338915 0.00482092563321542 124
1774316396697 0.004134511636687137 125
1774316455065 3.518400416912504e-05 126
1774316512947 0.004734719406695013 127
1774316572362 0.013832359143342868 128
1774316629201 0.003069012740677786 129
1774316687070 0.0038892465234289086 130
1774316747129 0.010908341044389256 131
1774316804788 0.010382789522906213 132
1774316862551 0.005493962309571983 133
1774316920268 0.00514884031049794 134
1774316980787 0.0021414279196607694 135
1774317038572 0.008203662801895188 136
1774317096667 0.009767732919571274 137
1774317154744 0.0026771520966417817 138
1774317212451 0.003720966270960849 139
1774317272121 0.01169728113047719 140
1774317330701 0.0006273542405577664 141
1774317388750 0.004086132149410068 142
1774317446496 0.015206114979158187 143
1774317508824 0.010139443789873666 144
1774317568437 0.007900640261752561 145
1774317626352 0.019509256147661164 146
1774317684770 0.002082384616802819 147
1774317743522 0.007682902934291794 148
1774317802758 0.004449290437201847 149
1774317861238 0.010142763037183058 150
1774317919832 0.00282771178821703 151
1774317979389 0.009246274409322458 152
1774318037732 0.005969590686031504 153
1774318095779 0.01321640568586056 154
1774318153451 0.00410326094963513 155
1774318210873 0.009608164213509839 156
1774318268423 0.012294871620467933 157
1774318327122 0.00505667593829609 158
1774318385408 0.004304414887141904 159
1774318447013 0.0026322388183963093 160
1774318507889 0.0011486920895340126 161
1774318566202 0.003127743410405125 162
1774318624585 0.004594476075839678 163
1774318686198 0.003811884503397607 164
1774318746294 0.006587572391237844 165
1774318804815 0.003256344396636146 166
1774318862528 0.004318712471551987 167
1774318920096 0.002338549017428357 168
1774318979078 0.006029617536060255 169
1774319036565 0.006529088146277971 170
1774319096823 0.0083578839984077 171
1774319155060 0.005386166137824044 172
1774319212413 0.010170777430803593 173
1774319269833 0.013879580234045952 174
1774319328957 0.013152855825173186 175
1774319386484 0.01606668405408429 176
1774319444893 0.009697114276834212 177
1774319502216 0.008021966789350134 178
1774319559697 0.0047886219624504464 179
1774319618194 0.0006261157737947419 180
1774319676215 0.013351021916334867 181
1774319734582 0.006699257520888863 182
1774319792036 0.015323194191603667 183
1774319851034 0.008197491618572946 184
1774319910107 0.006993708009100044 185
1774319967930 0.005253401137358834 186
1774320025786 0.011509313468958969 187
1774320082935 0.0031170272257528358 188
1774320146227 0.005519257253821719 189
1774320205494 0.005528481673280961 190
1774320267478 0.00583380924250153 191
1774320327125 0.0010395002302998598 192
1774320388147 0.0059473591048532825 193
1774320446360 0.0057132507502254135 194
1774320508377 0.0024099998967773185 195
1774320567070 0.01029052820371368 196
1774320624505 0.011309861857755493 197
1774320683818 0.0035970004849653504 198
1774320745192 0.001662388275052574 199
1774320802597 0.00015181667878507273 200
