1774309113334 0.001 1
1774309171629 0.001 2
1774309229617 0.001 3
1774309286862 0.001 4
1774309345897 0.001 5
1774309403520 0.001 6
1774309464093 0.001 7
1774309522671 0.001 8
1774309580418 0.001 9
1774309638448 0.001 10
1774309696133 0.001 11
1774309756471 0.001 12
1774309814459 0.001 13
1774309873339 0.001 14
1774309930840 0.001 15
1774309988412 0.001 16
1774310046262 0.001 17
1774310105119 0.001 18
1774310162395 0.001 19
1774310228457 0.001 20
1774310293960 0.001 21
1774310352328 0.001 22
1774310411578 0.0005 23
1774310476106 0.0005 24
1774310539267 0.0005 25
1774310597311 0.0005 26
1774310656837 0.0005 27
1774310720322 0.0005 28
1774310777951 0.00025 29
1774310835794 0.00025 30
1774310893240 0.00025 31
1774310952264 0.00025 32
1774311010267 0.00025 33
1774311067775 0.00025 34
1774311124987 0.000125 35
1774311184446 0.000125 36
1774311241830 0.000125 37
1774311300597 0.000125 38
1774311358666 0.000125 39
1774311417357 0.000125 40
1774311475452 6.25e-05 41
1774311534004 6.25e-05 42
1774311594976 6.25e-05 43
1774311653960 6.25e-05 44
1774311711437 6.25e-05 45
1774311771196 6.25e-05 46
1774311828453 3.125e-05 47
1774311887157 3.125e-05 48
1774311947827 3.125e-05 49
1774312005360 3.125e-05 50
1774312062514 3.125e-05 51
1774312120462 3.125e-05 52
1774312178144 1.5625e-05 53
1774312236810 1.5625e-05 54
1774312295120 1.5625e-05 55
1774312353373 1.5625e-05 56
1774312412162 1.5625e-05 57
1774312469811 1.5625e-05 58
1774312527688 7.8125e-06 59
1774312585307 7.8125e-06 60
1774312642455 7.8125e-06 61
1774312701296 7.8125e-06 62
1774312759326 7.8125e-06 63
1774312822449 7.8125e-06 64
1774312881019 3.90625e-06 65
1774312941361 3.90625e-06 66
1774312999762 3.90625e-06 67
1774313058987 3.90625e-06 68
1774313118255 3.90625e-06 69
1774313176165 3.90625e-06 70
1774313233684 1.953125e-06 71
1774313292412 1.953125e-06 72
1774313352289 1.953125e-06 73
1774313409794 1.953125e-06 74
1774313467363 1.953125e-06 75
1774313525718 1.953125e-06 76
1774313583243 9.765625e-07 77
1774313644714 9.765625e-07 78
1774313703473 9.765625e-07 79
1774313761112 9.765625e-07 80
1774313823372 9.765625e-07 81
1774313881728 9.765625e-07 82
1774313943138 4.8828125e-07 83
1774314000633 4.8828125e-07 84
1774314064634 4.8828125e-07 85
1774314126108 4.8828125e-07 86
1774314183886 4.8828125e-07 87
1774314241699 4.8828125e-07 88
1774314299782 2.44140625e-07 89
1774314356961 2.44140625e-07 90
1774314414961 2.44140625e-07 91
1774314472873 2.44140625e-07 92
1774314530625 2.44140625e-07 93
1774314587898 2.44140625e-07 94
1774314646164 1.220703125e-07 95
1774314704541 1.220703125e-07 96
1774314762059 1.220703125e-07 97
1774314819493 1.220703125e-07 98
1774314878301 1.220703125e-07 99
1774314937787 1.220703125e-07 100
1774314995478 6.103515625e-08 101
1774315052927 6.103515625e-08 102
1774315111912 6.103515625e-08 103
1774315170376 6.103515625e-08 104
1774315228060 6.103515625e-08 105
1774315286671 6.103515625e-08 106
1774315344484 3.0517578125e-08 107
1774315401895 3.0517578125e-08 108
1774315459256 3.0517578125e-08 109
1774315517864 3.0517578125e-08 110
1774315576301 3.0517578125e-08 111
1774315637794 3.0517578125e-08 112
1774315703986 1.52587890625e-08 113
1774315764939 1.52587890625e-08 114
1774315822312 1.52587890625e-08 115
1774315879705 1.52587890625e-08 116
1774315936888 1.52587890625e-08 117
1774315995412 1.52587890625e-08 118
1774316053599 1.52587890625e-08 119
1774316111110 1.52587890625e-08 120
1774316169853 1.52587890625e-08 121
1774316227383 1.52587890625e-08 122
1774316285260 1.52587890625e-08 123
1774316344604 1.52587890625e-08 124
1774316402009 1.52587890625e-08 125
1774316460595 1.52587890625e-08 126
1774316518535 1.52587890625e-08 127
1774316577734 1.52587890625e-08 128
1774316634953 1.52587890625e-08 129
1774316692388 1.52587890625e-08 130
1774316752838 1.52587890625e-08 131
1774316810449 1.52587890625e-08 132
1774316868294 1.52587890625e-08 133
1774316926125 1.52587890625e-08 134
1774316986228 1.52587890625e-08 135
1774317043896 1.52587890625e-08 136
1774317102243 1.52587890625e-08 137
1774317160077 1.52587890625e-08 138
1774317217822 1.52587890625e-08 139
1774317277877 1.52587890625e-08 140
1774317336028 1.52587890625e-08 141
1774317394091 1.52587890625e-08 142
1774317451854 1.52587890625e-08 143
1774317514227 1.52587890625e-08 144
1774317573777 1.52587890625e-08 145
1774317631768 1.52587890625e-08 146
1774317690366 1.52587890625e-08 147
1774317749446 1.52587890625e-08 148
1774317808092 1.52587890625e-08 149
1774317866860 1.52587890625e-08 150
1774317925990 1.52587890625e-08 151
1774317984715 1.52587890625e-08 152
1774318043410 1.52587890625e-08 153
1774318101104 1.52587890625e-08 154
1774318158764 1.52587890625e-08 155
1774318216434 1.52587890625e-08 156
1774318273968 1.52587890625e-08 157
1774318332449 1.52587890625e-08 158
1774318390863 1.52587890625e-08 159
1774318452576 1.52587890625e-08 160
1774318513226 1.52587890625e-08 161
1774318571656 1.52587890625e-08 162
1774318630257 1.52587890625e-08 163
1774318691521 1.52587890625e-08 164
1774318751614 1.52587890625e-08 165
1774318810329 1.52587890625e-08 166
1774318867899 1.52587890625e-08 167
1774318925429 1.52587890625e-08 168
1774318984464 1.52587890625e-08 169
1774319041902 1.52587890625e-08 170
1774319102167 1.52587890625e-08 171
1774319160381 1.52587890625e-08 172
1774319218060 1.52587890625e-08 173
1774319275146 1.52587890625e-08 174
1774319334290 1.52587890625e-08 175
1774319392048 1.52587890625e-08 176
1774319450218 1.52587890625e-08 177
1774319507652 1.52587890625e-08 178
1774319565344 1.52587890625e-08 179
1774319623533 1.52587890625e-08 180
1774319681700 1.52587890625e-08 181
1774319740245 1.52587890625e-08 182
1774319797314 1.52587890625e-08 183
1774319856631 1.52587890625e-08 184
1774319915930 1.52587890625e-08 185
1774319973373 1.52587890625e-08 186
1774320031248 1.52587890625e-08 187
1774320088470 1.52587890625e-08 188
1774320151907 1.52587890625e-08 189
1774320211284 1.52587890625e-08 190
1774320272590 1.52587890625e-08 191
1774320332694 1.52587890625e-08 192
1774320393726 1.52587890625e-08 193
1774320451913 1.52587890625e-08 194
1774320513701 1.52587890625e-08 195
1774320572552 1.52587890625e-08 196
1774320629785 1.52587890625e-08 197
1774320689641 1.52587890625e-08 198
1774320750427 1.52587890625e-08 199
1774320808139 1.52587890625e-08 200
