1773921859564 39.763999938964844 1
1773922308112 57.69599914550781 2
1773922754215 64.0 3
1773923202370 69.1500015258789 4
1773923650294 72.5 5
1773924095891 75.01399993896484 6
1773924544284 77.2239990234375 7
1773924989792 78.7719955444336 8
1773925438135 80.29999542236328 9
1773925883222 81.11799621582031 10
1773926331413 82.50599670410156 11
1773926777210 83.85199737548828 12
1773927225072 84.18999481201172 13
1773927673313 84.83599853515625 14
1773928118903 85.8759994506836 15
1773928567156 86.25199890136719 16
1773929012780 87.0260009765625 17
1773929460849 87.51200103759766 18
1773929906175 87.7459945678711 19
1773930354373 88.18399810791016 20
1773930800110 88.62999725341797 21
1773931248058 88.94200134277344 22
1773931695737 89.39799499511719 23
1773932141461 89.7979965209961 24
1773932589482 90.05599975585938 25
1773933034731 90.50799560546875 26
1773933482777 90.36799621582031 27
1773933928026 90.89599609375 28
1773934376237 90.93199920654297 29
1773934821385 91.30999755859375 30
1773935268471 91.40599822998047 31
1773935716214 91.70600128173828 32
1773936161419 91.96399688720703 33
1773936609274 92.13800048828125 34
1773937054005 93.5979995727539 35
1773937502072 94.04000091552734 36
1773937947217 94.39599609375 37
1773938395001 94.38599395751953 38
1773938840279 94.46199798583984 39
1773939287333 94.61199951171875 40
1773939734482 94.70199584960938 41
1773940179050 94.75199890136719 42
1773940626771 94.85599517822266 43
1773941071292 94.95199584960938 44
1773941519165 95.01799774169922 45
1773941964055 95.07599639892578 46
1773942411752 95.697998046875 47
1773942857686 96.05199432373047 48
1773943304602 96.06800079345703 49
1773943752224 96.02799987792969 50
1773944196840 96.15999603271484 51
1773944644501 96.33200073242188 52
1773945089045 96.23600006103516 53
1773945536635 96.52799987792969 54
1773945981423 96.63199615478516 55
1773946429322 96.54000091552734 56
1773946874862 96.85799407958984 57
1773947321292 96.81999969482422 58
1773947768967 96.68000030517578 59
1773948213784 97.10599517822266 60
1773948661528 96.95399475097656 61
1773949106856 96.88599395751953 62
1773949554912 96.8740005493164 63
1773949999841 96.95399475097656 64
1773950447497 97.0479965209961 65
1773950893452 97.04999542236328 66
1773951339710 97.04999542236328 67
1773951787332 97.00999450683594 68
1773952232361 97.05799865722656 69
1773952680052 97.18199920654297 70
1773953124918 97.06999969482422 71
1773953572594 97.1199951171875 72
1773954017463 97.1240005493164 73
1773954465296 97.2719955444336 74
1773954911420 97.23600006103516 75
1773955358519 97.2239990234375 76
1773955806199 97.20399475097656 77
1773956251201 97.06599426269531 78
1773956698873 97.16999816894531 79
1773957143233 97.23199462890625 80
1773957590437 97.1520004272461 81
1773958034355 97.19200134277344 82
1773958481397 97.26599884033203 83
1773958926686 97.12799835205078 84
1773959372908 97.22599792480469 85
1773959819995 97.32599639892578 86
1773960264234 97.20399475097656 87
1773960711377 97.33599853515625 88
1773961155330 97.08399963378906 89
1773961602535 97.18599700927734 90
1773962046408 97.18599700927734 91
1773962493403 97.33200073242188 92
1773962938360 97.25 93
1773963384306 97.2699966430664 94
1773963831383 97.23199462890625 95
1773964275615 97.33200073242188 96
1773964722844 97.45999908447266 97
1773965166764 97.21599578857422 98
1773965614090 97.26200103759766 99
1773966057906 97.29199981689453 100
1773966505046 97.30999755859375 101
1773966950036 97.13800048828125 102
1773967396616 97.35399627685547 103
1773967843858 97.3219985961914 104
1773968288305 97.26200103759766 105
1773968735476 97.28799438476562 106
1773969179791 97.32799530029297 107
1773969627053 97.23400115966797 108
1773970071599 97.13599395751953 109
1773970518911 97.16999816894531 110
1773970963827 97.18000030517578 111
1773971410602 97.18399810791016 112
1773971857797 97.2459945678711 113
1773972302389 97.27799987792969 114
1773972749769 97.20199584960938 115
1773973193665 97.31599426269531 116
1773973640933 97.23600006103516 117
1773974085461 97.20600128173828 118
1773974532785 97.22200012207031 119
1773974977510 97.25999450683594 120
1773975424150 97.40799713134766 121
1773975871181 97.33200073242188 122
1773976315943 97.24199676513672 123
1773976763495 97.30199432373047 124
1773977208044 97.25799560546875 125
1773977655539 97.25 126
1773978100077 97.26399993896484 127
1773978547480 97.40599822998047 128
1773978992136 97.19999694824219 129
1773979439267 97.28799438476562 130
1773979886256 97.19200134277344 131
1773980331325 97.27999877929688 132
1773980778715 97.17399597167969 133
1773981223169 97.16199493408203 134
1773981670547 97.17599487304688 135
1773982115052 97.31199645996094 136
1773982562291 97.2439956665039 137
1773983006604 97.33799743652344 138
1773983453724 97.33200073242188 139
1773983900328 97.36199951171875 140
1773984345040 97.36399841308594 141
1773984792107 97.3699951171875 142
1773985236326 97.25399780273438 143
1773985683259 97.29000091552734 144
1773986126995 97.1719970703125 145
1773986574097 97.27799987792969 146
1773987018169 97.24800109863281 147
1773987465218 97.36399841308594 148
1773987911559 97.25799560546875 149
1773988356605 97.30799865722656 150
1773988803646 97.31399536132812 151
1773989247519 97.19400024414062 152
1773989694346 97.20800018310547 153
1773990138083 97.25199890136719 154
1773990584943 97.23999786376953 155
1773991029013 97.16600036621094 156
1773991475903 97.31399536132812 157
1773991921974 97.35599517822266 158
1773992367165 97.16199493408203 159
1773992814197 97.33399963378906 160
1773993258508 97.28599548339844 161
1773993705565 97.16799926757812 162
1773994149683 97.25 163
1773994596693 97.25599670410156 164
1773995042061 97.32799530029297 165
1773995489803 97.26599884033203 166
1773995936533 97.35599517822266 167
1773996382367 97.22999572753906 168
1773996830426 97.28599548339844 169
1773997275143 97.31399536132812 170
1773997723224 97.3699951171875 171
1773998168246 97.1199951171875 172
1773998616525 97.22799682617188 173
1773999061808 97.25999450683594 174
1773999509886 97.20600128173828 175
1773999957143 97.24800109863281 176
1774000403370 97.35599517822266 177
1774000851382 97.29999542236328 178
1774001296757 97.30199432373047 179
1774001744574 97.29000091552734 180
1774002189749 97.447998046875 181
1774002637774 97.2239990234375 182
1774003083203 97.41999816894531 183
1774003531236 97.38599395751953 184
1774003978733 97.19200134277344 185
1774004424635 97.1199951171875 186
1774004872791 97.22200012207031 187
1774005318317 97.27399444580078 188
1774005766563 97.22000122070312 189
1774006212421 97.33200073242188 190
1774006660745 97.2979965209961 191
1774007106803 97.23400115966797 192
1774007555070 97.48600006103516 193
1774008003166 97.35799407958984 194
1774008448979 97.40999603271484 195
1774008897386 97.16399383544922 196
1774009343050 97.32999420166016 197
1774009791545 97.21599578857422 198
1774010237559 97.2719955444336 199
1774010627468 97.22000122070312 200
