1773921896347 54.44999694824219 0
1773922345080 64.87999725341797 0
1773922790747 68.83999633789062 0
1773923239052 71.95999908447266 0
1773923686065 77.75999450683594 0
1773924132653 79.36000061035156 0
1773924580861 81.8699951171875 0
1773925026475 82.79999542236328 0
1773925474675 83.06999969482422 0
1773925919901 83.06999969482422 0
1773926367965 83.6500015258789 0
1773926813436 85.91999816894531 0
1773927261903 85.98999786376953 0
1773927709283 85.98999786376953 0
1773928155453 86.61000061035156 0
1773928603816 87.54000091552734 0
1773929049380 87.54000091552734 0
1773929497475 88.29000091552734 0
1773929942917 88.29000091552734 0
1773930390898 88.50999450683594 0
1773930836537 88.50999450683594 0
1773931284762 88.50999450683594 0
1773931731582 89.13999938964844 0
1773932177972 89.13999938964844 0
1773932626027 89.23999786376953 0
1773933071286 89.25 0
1773933519333 89.25 0
1773933964536 89.52999877929688 0
1773934412763 89.52999877929688 0
1773934857257 89.52999877929688 0
1773935304981 89.79999542236328 0
1773935751924 90.22999572753906 0
1773936197965 90.22999572753906 0
1773936645737 90.22999572753906 0
1773937090550 91.0 0
1773937538592 91.12999725341797 0
1773937983812 91.12999725341797 0
1773938431556 91.12999725341797 0
1773938876266 91.12999725341797 0
1773939323769 91.12999725341797 0
1773939770162 91.12999725341797 0
1773940215490 91.2699966430664 0
1773940663186 91.2699966430664 0
1773941107845 91.5999984741211 0
1773941555778 91.5999984741211 0
1773942000604 91.5999984741211 0
1773942448345 91.88999938964844 0
1773942893399 91.88999938964844 0
1773943341134 91.88999938964844 0
1773943787997 91.88999938964844 0
1773944233349 91.88999938964844 0
1773944680925 91.88999938964844 0
1773945125469 91.88999938964844 0
1773945573098 91.90999603271484 0
1773946017946 92.0 0
1773946465818 92.0 0
1773946910235 92.0 0
1773947357797 92.0 0
1773947804867 92.08999633789062 0
1773948250254 92.12999725341797 0
1773948698100 92.20999908447266 0
1773949143413 92.22000122070312 0
1773949591442 92.22000122070312 0
1773950036360 92.22000122070312 0
1773950484046 92.25 0
1773950929116 92.25 0
1773951376214 92.25 0
1773951823488 92.33999633789062 0
1773952268925 92.33999633789062 0
1773952716509 92.33999633789062 0
1773953161412 92.33999633789062 0
1773953609003 92.33999633789062 0
1773954054046 92.33999633789062 0
1773954501814 92.44999694824219 0
1773954947326 92.45999908447266 0
1773955395036 92.45999908447266 0
1773955842451 92.45999908447266 0
1773956287697 92.45999908447266 0
1773956735434 92.45999908447266 0
1773957179583 92.45999908447266 0
1773957626727 92.45999908447266 0
1773958070636 92.45999908447266 0
1773958517635 92.45999908447266 0
1773958962293 92.45999908447266 0
1773959409165 92.45999908447266 0
1773959855950 92.45999908447266 0
1773960300531 92.45999908447266 0
1773960747653 92.45999908447266 0
1773961191640 92.45999908447266 0
1773961638766 92.45999908447266 0
1773962082630 92.45999908447266 0
1773962529668 92.45999908447266 0
1773962973894 92.45999908447266 0
1773963420576 92.45999908447266 0
1773963867150 92.45999908447266 0
1773964311937 92.45999908447266 0
1773964759131 92.45999908447266 0
1773965203038 92.47999572753906 0
1773965650372 92.47999572753906 0
1773966094148 92.47999572753906 0
1773966541324 92.47999572753906 0
1773966985677 92.47999572753906 0
1773967432925 92.47999572753906 0
1773967879475 92.47999572753906 0
1773968324599 92.47999572753906 0
1773968771759 92.47999572753906 0
1773969216126 92.47999572753906 0
1773969663437 92.47999572753906 0
1773970107924 92.47999572753906 0
1773970555193 92.47999572753906 0
1773970999620 92.47999572753906 0
1773971446884 92.47999572753906 0
1773971893382 92.47999572753906 0
1773972338793 92.47999572753906 0
1773972785999 92.47999572753906 0
1773973229950 92.47999572753906 0
1773973677368 92.47999572753906 0
1773974121795 92.47999572753906 0
1773974569044 92.47999572753906 0
1773975013197 92.47999572753906 0
1773975460433 92.47999572753906 0
1773975906809 92.47999572753906 0
1773976352339 92.47999572753906 0
1773976799892 92.47999572753906 0
1773977244395 92.47999572753906 0
1773977691844 92.47999572753906 0
1773978136399 92.47999572753906 0
1773978583818 92.47999572753906 0
1773979028261 92.47999572753906 0
1773979475614 92.47999572753906 0
1773979921873 92.47999572753906 0
1773980367646 92.47999572753906 0
1773980815030 92.47999572753906 0
1773981259594 92.47999572753906 0
1773981706891 92.47999572753906 0
1773982151341 92.47999572753906 0
1773982598619 92.47999572753906 0
1773983042864 92.47999572753906 0
1773983490018 92.47999572753906 0
1773983935933 92.47999572753906 0
1773984381333 92.47999572753906 0
1773984828351 92.47999572753906 0
1773985272586 92.47999572753906 0
1773985719573 92.47999572753906 0
1773986163331 92.47999572753906 0
1773986610413 92.47999572753906 0
1773987054406 92.47999572753906 0
1773987501490 92.47999572753906 0
1773987947041 92.47999572753906 0
1773988392924 92.47999572753906 0
1773988839936 92.47999572753906 0
1773989283814 92.47999572753906 0
1773989730567 92.47999572753906 0
1773990174373 92.47999572753906 0
1773990621224 92.47999572753906 0
1773991065247 92.47999572753906 0
1773991512181 92.47999572753906 0
1773991957497 92.47999572753906 0
1773992403399 92.47999572753906 0
1773992850490 92.47999572753906 0
1773993294800 92.47999572753906 0
1773993741830 92.47999572753906 0
1773994185927 92.47999572753906 0
1773994633293 92.47999572753906 0
1773995078629 92.47999572753906 0
1773995526370 92.47999572753906 0
1773995972108 92.47999572753906 0
1773996419104 92.47999572753906 0
1773996866930 92.47999572753906 0
1773997311825 92.47999572753906 0
1773997759780 92.47999572753906 0
1773998204927 92.47999572753906 0
1773998653135 92.47999572753906 0
1773999098432 92.47999572753906 0
1773999546523 92.47999572753906 0
1773999992943 92.47999572753906 0
1774000440063 92.47999572753906 0
1774000888043 92.47999572753906 0
1774001333324 92.47999572753906 0
1774001781069 92.47999572753906 0
1774002226449 92.47999572753906 0
1774002674427 92.47999572753906 0
1774003119802 92.47999572753906 0
1774003567903 92.47999572753906 0
1774004014615 92.47999572753906 0
1774004461318 92.47999572753906 0
1774004909501 92.47999572753906 0
1774005355022 92.47999572753906 0
1774005803392 92.47999572753906 0
1774006249123 92.47999572753906 0
1774006697687 92.47999572753906 0
1774007143497 92.47999572753906 0
1774007591851 92.47999572753906 0
1774008039109 92.47999572753906 0
1774008485697 92.47999572753906 0
1774008934243 92.47999572753906 0
1774009379766 92.47999572753906 0
1774009828518 92.47999572753906 0
1774010274396 92.47999572753906 0
1774010654909 92.47999572753906 0
