1773921859566 3.9250396627807618 1
1773922308113 3.3521701525878904 2
1773922754219 2.986224532394409 3
1773923202373 2.671181392669678 4
1773923650297 2.4513504587554933 5
1773924095893 2.271307674369812 6
1773924544286 2.0922101763916015 7
1773924989794 1.959656608581543 8
1773925438138 1.8349999443817138 9
1773925883224 1.7352762516784668 10
1773926331415 1.6177584043884277 11
1773926777212 1.522226492843628 12
1773927225073 1.4676559355926513 13
1773927673315 1.398494715538025 14
1773928118905 1.3240288359451293 15
1773928567159 1.2650865788650512 16
1773929012783 1.2074020397567748 17
1773929460850 1.1592786763763427 18
1773929906176 1.1319853413391112 19
1773930354375 1.092333317680359 20
1773930800113 1.0542688396835327 21
1773931248059 1.0151895196914673 22
1773931695740 0.9696188581848144 23
1773932141462 0.9317516444396973 24
1773932589483 0.9263506311416626 25
1773933034733 0.8786977558326721 26
1773933482780 0.8741533805274964 27
1773933928029 0.836107990245819 28
1773934376241 0.8194888726425171 29
1773934821387 0.7981844112443924 30
1773935268474 0.7759906959342957 31
1773935716216 0.7548584715652465 32
1773936161421 0.713139905166626 33
1773936609275 0.7125036880683899 34
1773937054006 0.5703416413855553 35
1773937502073 0.535491264705658 36
1773937947220 0.4993489663362503 37
1773938395003 0.49695523739814756 38
1773938840282 0.47884860374450683 39
1773939287336 0.4858591069918871 40
1773939734484 0.47185998546540736 41
1773940179051 0.4616243309879303 42
1773940626772 0.4489940941333771 43
1773941071294 0.44750772669792177 44
1773941519168 0.4405635118699074 45
1773941964057 0.4357010438394546 46
1773942411755 0.37583094187259675 47
1773942857689 0.34900131065018475 48
1773943304604 0.3489360327981019 49
1773943752226 0.33083502606466414 50
1773944196842 0.33200471899181605 51
1773944644503 0.33229462134439497 52
1773945089046 0.3266214542963263 53
1773945536637 0.3001548514539562 54
1773945981426 0.2809397432783246 55
1773946429323 0.30256295857936144 56
1773946874865 0.26308811295211315 57
1773947321295 0.2707274535038322 58
1773947768970 0.28714953529834747 59
1773948213786 0.2514335563870892 60
1773948661530 0.27073405398890377 61
1773949106859 0.26652993915900586 62
1773949554914 0.2670648641969264 63
1773949999844 0.2697060109330603 64
1773950447498 0.2602737065855274 65
1773950893453 0.2583774314758449 66
1773951339712 0.2525210774812847 67
1773951787334 0.2560871806713217 68
1773952232362 0.25350233757147567 69
1773952680054 0.25295947693500204 70
1773953124921 0.2594218723621406 71
1773953572595 0.2533427758087218 72
1773954017465 0.2476727397377789 73
1773954465299 0.23780317252874375 74
1773954911423 0.24562739581653498 75
1773955358521 0.24156248781383038 76
1773955806202 0.24803796348181553 77
1773956251203 0.26108845317706464 78
1773956698874 0.2408921758668311 79
1773957143235 0.23751343690656126 80
1773957590439 0.25646754226900637 81
1773958034357 0.24145815716895508 82
1773958481399 0.23603275823189288 83
1773958926688 0.24772791051350534 84
1773959372909 0.2360632963361591 85
1773959819998 0.241384402813036 86
1773960264237 0.23936387075381355 87
1773960711380 0.24403793760876405 88
1773961155333 0.242288117384417 89
1773961602536 0.239411919988282 90
1773962046410 0.2431769856711477 91
1773962493405 0.21910974277488887 92
1773962938363 0.23904623771815414 93
1773963384308 0.22996130517676938 94
1773963831384 0.24276769928937544 95
1773964275617 0.22843263834704644 96
1773964722847 0.22278436590566533 97
1773965166767 0.23888647123483941 98
1773965614091 0.23907243837296963 99
1773966057907 0.22422104420901975 100
1773966505049 0.2289951489728689 101
1773966950039 0.2489108712079376 102
1773967396618 0.2283128173353523 103
1773967843861 0.2445502203700319 104
1773968288307 0.23675091279663146 105
1773968735477 0.23771070879812586 106
1773969179792 0.2260878267198708 107
1773969627056 0.23361600899777957 108
1773970071601 0.24277871756225824 109
1773970518913 0.2451427542569861 110
1773970963829 0.24851804775040598 111
1773971410603 0.2371688451087376 112
1773971857799 0.23733579447031022 113
1773972302390 0.22725187277516468 114
1773972749770 0.238239699062946 115
1773973193667 0.22090831533727237 116
1773973640935 0.23786920959016308 117
1773974085463 0.24275686464871746 118
1773974532786 0.2425067303026095 119
1773974977512 0.23623124462759124 120
1773975424151 0.21955387440236285 121
1773975871184 0.23372375659530517 122
1773976315944 0.23994470736066636 123
1773976763497 0.23247860398358527 124
1773977208045 0.23930488934125285 125
1773977655542 0.237492389626652 126
1773978100079 0.23006466829857788 127
1773978547482 0.22169519014217834 128
1773978992137 0.24855324606291934 129
1773979439270 0.2404523022412241 130
1773979886259 0.24920889877162875 131
1773980331327 0.2409302760864049 132
1773980778717 0.23975274151347345 133
1773981223171 0.23940187649868427 134
1773981670550 0.2454420106980605 135
1773982115054 0.23634757908778264 136
1773982562294 0.23772320033550262 137
1773983006606 0.236552971307627 138
1773983453726 0.22402542805806153 139
1773983900331 0.22843018297270873 140
1773984345043 0.2316395346945012 141
1773984792109 0.21871312677321955 142
1773985236329 0.23839955911106284 143
1773985683261 0.23318509943604468 144
1773986126998 0.23793167154368014 145
1773986574099 0.24333809526700292 146
1773987018170 0.23658429793792893 147
1773987465220 0.22193253833792173 148
1773987911561 0.24204250622786116 149
1773988356607 0.22281692151231924 150
1773988803649 0.24081203204492574 151
1773989247520 0.244094262977463 152
1773989694348 0.24886077984340024 153
1773990138085 0.23372463042595482 154
1773990584945 0.24546060590378124 155
1773991029015 0.25057048366426954 156
1773991475906 0.2413629860545974 157
1773991921976 0.23906666147532815 158
1773992367167 0.2506495756550174 159
1773992814199 0.23527739799045028 160
1773993258511 0.23930914732962846 161
1773993705567 0.23829643248112872 162
1773994149686 0.2374816637330502 163
1773994596694 0.24482960812943988 164
1773995042064 0.23694020036742558 165
1773995489804 0.23385241129718487 166
1773995936536 0.2422807219423633 167
1773996382369 0.24548470480248333 168
1773996830428 0.23680581910565496 169
1773997275145 0.23919082074524603 170
1773997723226 0.22669577824003995 171
1773998168249 0.24332637411206962 172
1773998616526 0.24700673818994315 173
1773999061810 0.24319112447383814 174
1773999509888 0.23740431208942087 175
1773999957147 0.23337717692813043 176
1774000403371 0.2374167210012034 177
1774000851383 0.22285388292778283 178
1774001296759 0.23642109819803386 179
1774001744575 0.23862495283521626 180
1774002189752 0.2151270594916772 181
1774002637777 0.2339503511683643 182
1774003083205 0.22188431844215928 183
1774003531237 0.22488310647752136 184
1774003978736 0.24020407003307248 185
1774004424637 0.2509649362973217 186
1774004872793 0.24039016037493943 187
1774005318319 0.2390153508578074 188
1774005766566 0.2364840993678081 189
1774006212423 0.22869462176040978 190
1774006660748 0.23691558531900983 191
1774007106805 0.22495237183757127 192
1774007555072 0.2227447571355477 193
1774008003167 0.22368318531394005 194
1774008448981 0.22152617044702172 195
1774008897389 0.233358754047025 196
1774009343051 0.22884146598580177 197
1774009791547 0.23649688796806645 198
1774010237561 0.22903327691430575 199
1774010627471 0.25115880482025443 200
