1773921896427 0.001 1
1773922345213 0.001 2
1773922790926 0.001 3
1773923239246 0.001 4
1773923686326 0.001 5
1773924132788 0.001 6
1773924581022 0.001 7
1773925026665 0.001 8
1773925474816 0.001 9
1773925919902 0.001 10
1773926368161 0.001 11
1773926813652 0.001 12
1773927262034 0.001 13
1773927709284 0.001 14
1773928155629 0.001 15
1773928603992 0.001 16
1773929049381 0.001 17
1773929497681 0.001 18
1773929942918 0.001 19
1773930391032 0.001 20
1773930836538 0.001 21
1773931284763 0.001 22
1773931731728 0.001 23
1773932177973 0.001 24
1773932626230 0.001 25
1773933071464 0.001 26
1773933519334 0.001 27
1773933964794 0.001 28
1773934412764 0.001 29
1773934857258 0.001 30
1773935305222 0.001 31
1773935752167 0.001 32
1773936197966 0.001 33
1773936645739 0.0005 34
1773937090708 0.0005 35
1773937538802 0.0005 36
1773937983813 0.0005 37
1773938431557 0.0005 38
1773938876268 0.0005 39
1773939323771 0.0005 40
1773939770164 0.0005 41
1773940215755 0.0005 42
1773940663187 0.0005 43
1773941108076 0.0005 44
1773941555780 0.0005 45
1773942000605 0.00025 46
1773942448562 0.00025 47
1773942893400 0.00025 48
1773943341135 0.00025 49
1773943787998 0.00025 50
1773944233350 0.00025 51
1773944680927 0.00025 52
1773945125470 0.000125 53
1773945573323 0.000125 54
1773946018181 0.000125 55
1773946465819 0.000125 56
1773946910236 0.000125 57
1773947357798 0.000125 58
1773947805168 6.25e-05 59
1773948250469 6.25e-05 60
1773948698258 6.25e-05 61
1773949143574 6.25e-05 62
1773949591443 6.25e-05 63
1773950036362 6.25e-05 64
1773950484191 3.125e-05 65
1773950929117 3.125e-05 66
1773951376216 3.125e-05 67
1773951823620 3.125e-05 68
1773952268927 3.125e-05 69
1773952716510 3.125e-05 70
1773953161413 3.125e-05 71
1773953609004 3.125e-05 72
1773954054048 3.125e-05 73
1773954501955 3.125e-05 74
1773954947533 3.125e-05 75
1773955395038 3.125e-05 76
1773955842452 3.125e-05 77
1773956287698 1.5625e-05 78
1773956735436 1.5625e-05 79
1773957179583 1.5625e-05 80
1773957626728 1.5625e-05 81
1773958070637 1.5625e-05 82
1773958517636 1.5625e-05 83
1773958962294 7.8125e-06 84
1773959409167 7.8125e-06 85
1773959855951 7.8125e-06 86
1773960300532 7.8125e-06 87
1773960747654 7.8125e-06 88
1773961191642 7.8125e-06 89
1773961638767 3.90625e-06 90
1773962082631 3.90625e-06 91
1773962529670 3.90625e-06 92
1773962973895 3.90625e-06 93
1773963420577 3.90625e-06 94
1773963867151 3.90625e-06 95
1773964311939 1.953125e-06 96
1773964759132 1.953125e-06 97
1773965203191 1.953125e-06 98
1773965650373 1.953125e-06 99
1773966094150 1.953125e-06 100
1773966541325 1.953125e-06 101
1773966985678 9.765625e-07 102
1773967432926 9.765625e-07 103
1773967879477 9.765625e-07 104
1773968324600 9.765625e-07 105
1773968771760 9.765625e-07 106
1773969216127 9.765625e-07 107
1773969663438 4.8828125e-07 108
1773970107926 4.8828125e-07 109
1773970555194 4.8828125e-07 110
1773970999621 4.8828125e-07 111
1773971446885 4.8828125e-07 112
1773971893383 4.8828125e-07 113
1773972338794 2.44140625e-07 114
1773972785999 2.44140625e-07 115
1773973229951 2.44140625e-07 116
1773973677369 2.44140625e-07 117
1773974121796 2.44140625e-07 118
1773974569045 2.44140625e-07 119
1773975013198 1.220703125e-07 120
1773975460434 1.220703125e-07 121
1773975906810 1.220703125e-07 122
1773976352340 1.220703125e-07 123
1773976799894 1.220703125e-07 124
1773977244396 1.220703125e-07 125
1773977691845 6.103515625e-08 126
1773978136400 6.103515625e-08 127
1773978583820 6.103515625e-08 128
1773979028263 6.103515625e-08 129
1773979475616 6.103515625e-08 130
1773979921874 6.103515625e-08 131
1773980367647 3.0517578125e-08 132
1773980815031 3.0517578125e-08 133
1773981259595 3.0517578125e-08 134
1773981706892 3.0517578125e-08 135
1773982151342 3.0517578125e-08 136
1773982598619 3.0517578125e-08 137
1773983042866 1.52587890625e-08 138
1773983490019 1.52587890625e-08 139
1773983935934 1.52587890625e-08 140
1773984381334 1.52587890625e-08 141
1773984828352 1.52587890625e-08 142
1773985272587 1.52587890625e-08 143
1773985719574 1.52587890625e-08 144
1773986163332 1.52587890625e-08 145
1773986610413 1.52587890625e-08 146
1773987054408 1.52587890625e-08 147
1773987501491 1.52587890625e-08 148
1773987947043 1.52587890625e-08 149
1773988392925 1.52587890625e-08 150
1773988839937 1.52587890625e-08 151
1773989283816 1.52587890625e-08 152
1773989730568 1.52587890625e-08 153
1773990174374 1.52587890625e-08 154
1773990621225 1.52587890625e-08 155
1773991065248 1.52587890625e-08 156
1773991512182 1.52587890625e-08 157
1773991957497 1.52587890625e-08 158
1773992403399 1.52587890625e-08 159
1773992850491 1.52587890625e-08 160
1773993294803 1.52587890625e-08 161
1773993741831 1.52587890625e-08 162
1773994185928 1.52587890625e-08 163
1773994633294 1.52587890625e-08 164
1773995078631 1.52587890625e-08 165
1773995526372 1.52587890625e-08 166
1773995972109 1.52587890625e-08 167
1773996419106 1.52587890625e-08 168
1773996866931 1.52587890625e-08 169
1773997311827 1.52587890625e-08 170
1773997759781 1.52587890625e-08 171
1773998204928 1.52587890625e-08 172
1773998653136 1.52587890625e-08 173
1773999098432 1.52587890625e-08 174
1773999546524 1.52587890625e-08 175
1773999992945 1.52587890625e-08 176
1774000440064 1.52587890625e-08 177
1774000888044 1.52587890625e-08 178
1774001333326 1.52587890625e-08 179
1774001781071 1.52587890625e-08 180
1774002226450 1.52587890625e-08 181
1774002674428 1.52587890625e-08 182
1774003119803 1.52587890625e-08 183
1774003567904 1.52587890625e-08 184
1774004014616 1.52587890625e-08 185
1774004461319 1.52587890625e-08 186
1774004909503 1.52587890625e-08 187
1774005355023 1.52587890625e-08 188
1774005803394 1.52587890625e-08 189
1774006249124 1.52587890625e-08 190
1774006697689 1.52587890625e-08 191
1774007143497 1.52587890625e-08 192
1774007591852 1.52587890625e-08 193
1774008039110 1.52587890625e-08 194
1774008485698 1.52587890625e-08 195
1774008934244 1.52587890625e-08 196
1774009379768 1.52587890625e-08 197
1774009828519 1.52587890625e-08 198
1774010274397 1.52587890625e-08 199
1774010654910 1.52587890625e-08 200
