1774291651727 57.16869354248047 1
1774291737271 82.40764617919922 2
1774291823268 87.5226058959961 3
1774291909399 91.0617446899414 4
1774291995429 90.72591400146484 5
1774292083328 91.21674346923828 6
1774292169259 93.25756072998047 7
1774292255164 94.23921966552734 8
1774292341266 94.5492172241211 9
1774292427506 94.42005157470703 10
1774292513690 94.80754852294922 11
1774292600706 95.1692123413086 12
1774292686672 95.9958724975586 13
1774292773179 95.94420623779297 14
1774292859674 97.15835571289062 15
1774292945796 97.28752136230469 16
1774293031060 95.35004425048828 17
1774293117029 95.63420867919922 18
1774293202994 97.02919006347656 19
1774293289454 97.02919006347656 20
1774293375523 97.3133544921875 21
1774293463218 97.57168579101562 22
1774293549569 97.46835327148438 23
1774293637118 96.66753387451172 24
1774293723283 97.36502075195312 25
1774293809688 98.03668212890625 26
1774293894680 98.21751403808594 27
1774293980662 98.29501342773438 28
1774294066908 97.88168334960938 29
1774294153045 98.32084655761719 30
1774294239331 97.26168823242188 31
1774294324285 98.06251525878906 32
1774294410068 98.5533447265625 33
1774294495905 99.25083923339844 34
1774294582595 99.61250305175781 35
1774294668975 99.45750427246094 36
1774294754297 99.87083435058594 37
1774294839534 99.50917053222656 38
1774294926148 99.40583801269531 39
1774295012153 99.71583557128906 40
1774295098305 99.81916809082031 41
1774295184050 99.87083435058594 42
1774295269483 99.92250061035156 43
1774295356676 99.7933349609375 44
1774295442795 99.35417175292969 45
1774295528636 99.89666748046875 46
1774295614948 99.81916809082031 47
1774295699587 99.81916809082031 48
1774295787326 99.89666748046875 49
1774295873324 99.94833374023438 50
1774295958958 99.94833374023438 51
1774296044713 99.94833374023438 52
1774296131018 100.0 53
1774296216836 99.94833374023438 54
1774296302888 99.89666748046875 55
1774296389095 99.97416687011719 56
1774296474975 99.94833374023438 57
1774296560005 99.94833374023438 58
1774296647578 99.94833374023438 59
1774296733696 99.97416687011719 60
1774296820152 99.92250061035156 61
1774296905973 99.97416687011719 62
1774296991935 99.97416687011719 63
1774297077510 99.94833374023438 64
1774297163925 100.0 65
1774297250349 99.94833374023438 66
1774297337042 100.0 67
1774297423135 99.94833374023438 68
1774297508756 100.0 69
1774297595160 99.92250061035156 70
1774297682091 99.94833374023438 71
1774297768423 99.97416687011719 72
1774297854342 100.0 73
1774297939615 100.0 74
1774298025896 99.97416687011719 75
1774298111856 99.97416687011719 76
1774298198327 99.97416687011719 77
1774298284523 99.97416687011719 78
1774298369300 100.0 79
1774298455442 100.0 80
1774298541779 100.0 81
1774298627580 99.97416687011719 82
1774298713681 99.97416687011719 83
1774298798242 100.0 84
1774298884453 100.0 85
1774298970595 100.0 86
1774299056567 99.97416687011719 87
1774299142983 99.94833374023438 88
1774299227968 99.97416687011719 89
1774299315167 100.0 90
1774299401233 99.97416687011719 91
1774299488632 99.97416687011719 92
1774299574788 99.94833374023438 93
1774299660117 99.97416687011719 94
1774299745757 99.97416687011719 95
1774299831523 99.94833374023438 96
1774299917373 100.0 97
1774300002948 100.0 98
1774300089732 99.97416687011719 99
1774300175107 99.97416687011719 100
1774300261059 99.97416687011719 101
1774300347339 100.0 102
1774300433369 100.0 103
1774300522396 99.97416687011719 104
1774300612534 100.0 105
1774300698697 99.97416687011719 106
1774300785736 99.97416687011719 107
1774300871867 100.0 108
1774300957791 100.0 109
1774301043213 100.0 110
1774301129813 99.97416687011719 111
1774301215445 100.0 112
1774301301283 100.0 113
1774301387265 99.97416687011719 114
1774301471786 100.0 115
1774301558710 99.89666748046875 116
1774301644900 99.97416687011719 117
1774301730701 100.0 118
1774301816915 99.94833374023438 119
1774301902469 100.0 120
1774301988080 99.97416687011719 121
1774302074288 100.0 122
1774302160390 99.97416687011719 123
1774302246757 99.97416687011719 124
1774302332107 99.97416687011719 125
1774302417738 99.97416687011719 126
1774302505407 100.0 127
1774302592930 100.0 128
1774302679026 100.0 129
1774302764617 100.0 130
1774302850062 99.97416687011719 131
1774302936718 99.97416687011719 132
1774303022720 100.0 133
1774303109481 100.0 134
1774303195591 100.0 135
1774303280556 99.97416687011719 136
1774303369018 100.0 137
1774303455556 99.97416687011719 138
1774303541525 100.0 139
1774303628003 100.0 140
1774303714039 100.0 141
1774303800117 99.94833374023438 142
1774303888625 99.97416687011719 143
1774303975477 99.97416687011719 144
1774304062377 99.94833374023438 145
1774304147055 99.94833374023438 146
1774304233352 99.92250061035156 147
1774304320225 99.97416687011719 148
1774304406603 100.0 149
1774304492727 99.97416687011719 150
1774304577416 99.97416687011719 151
1774304663400 100.0 152
1774304750846 99.97416687011719 153
1774304837102 99.94833374023438 154
1774304923217 100.0 155
1774305008352 100.0 156
1774305093716 99.97416687011719 157
1774305179551 99.97416687011719 158
1774305265448 99.97416687011719 159
1774305351509 100.0 160
1774305437434 99.92250061035156 161
1774305523069 99.97416687011719 162
1774305609590 99.97416687011719 163
1774305695842 100.0 164
1774305782390 99.97416687011719 165
1774305869394 99.94833374023438 166
1774305955080 100.0 167
1774306040786 99.97416687011719 168
1774306128726 99.97416687011719 169
1774306217190 100.0 170
1774306303896 99.97416687011719 171
1774306388956 99.97416687011719 172
1774306479881 100.0 173
1774306566134 100.0 174
1774306652433 99.97416687011719 175
1774306738562 99.94833374023438 176
1774306823345 100.0 177
1774306909159 99.97416687011719 178
1774306995596 100.0 179
1774307081699 99.97416687011719 180
1774307168081 99.97416687011719 181
1774307252958 100.0 182
1774307339532 100.0 183
1774307425530 99.97416687011719 184
1774307511750 100.0 185
1774307598881 99.97416687011719 186
1774307684009 99.97416687011719 187
1774307770672 99.97416687011719 188
1774307856774 100.0 189
1774307942828 99.97416687011719 190
1774308030379 100.0 191
1774308117257 100.0 192
1774308203567 100.0 193
1774308289911 100.0 194
1774308376369 99.94833374023438 195
1774308462275 100.0 196
1774308547679 100.0 197
1774308634567 99.94833374023438 198
1774308720725 99.97416687011719 199
1774308806473 99.97416687011719 200
