1774291656906 83.71212005615234 0
1774291742676 83.71212005615234 0
1774291828489 85.98484802246094 0
1774291914630 91.28787994384766 0
1774292000931 91.28787994384766 0
1774292089088 93.93939971923828 0
1774292174638 93.93939971923828 0
1774292260574 93.93939971923828 0
1774292346743 95.83333587646484 0
1774292433233 95.83333587646484 0
1774292519519 95.83333587646484 0
1774292606203 95.83333587646484 0
1774292692132 96.21212768554688 0
1774292778547 96.21212768554688 0
1774292865390 96.21212768554688 0
1774292951239 96.59091186523438 0
1774293036452 96.59091186523438 0
1774293122408 96.59091186523438 0
1774293208812 96.59091186523438 0
1774293294841 96.59091186523438 0
1774293381370 96.59091186523438 0
1774293468702 96.59091186523438 0
1774293555247 96.59091186523438 0
1774293642584 96.59091186523438 0
1774293729128 96.59091186523438 0
1774293815228 96.59091186523438 0
1774293899999 96.59091186523438 0
1774293986492 96.59091186523438 0
1774294072221 96.59091186523438 0
1774294158711 96.59091186523438 0
1774294244643 96.59091186523438 0
1774294329661 96.59091186523438 0
1774294415552 96.59091186523438 0
1774294501497 96.96969604492188 0
1774294588121 96.96969604492188 0
1774294674300 96.96969604492188 0
1774294759626 96.96969604492188 0
1774294844915 96.96969604492188 0
1774294931702 96.96969604492188 0
1774295017625 96.96969604492188 0
1774295103674 96.96969604492188 0
1774295189929 96.96969604492188 0
1774295274780 96.96969604492188 0
1774295362149 96.96969604492188 0
1774295448368 96.96969604492188 0
1774295534297 96.96969604492188 0
1774295620483 96.96969604492188 0
1774295705621 97.3484878540039 0
1774295792546 97.3484878540039 0
1774295878588 97.3484878540039 0
1774295964248 97.3484878540039 0
1774296049937 97.3484878540039 0
1774296136493 97.3484878540039 0
1774296222394 97.3484878540039 0
1774296308306 97.3484878540039 0
1774296394484 97.3484878540039 0
1774296480202 97.3484878540039 0
1774296565696 97.3484878540039 0
1774296653313 97.3484878540039 0
1774296739509 97.3484878540039 0
1774296825361 97.3484878540039 0
1774296911981 97.3484878540039 0
1774296997251 97.3484878540039 0
1774297083225 97.3484878540039 0
1774297169699 97.3484878540039 0
1774297256515 97.3484878540039 0
1774297342577 97.3484878540039 0
1774297428886 97.3484878540039 0
1774297514147 97.3484878540039 0
1774297601617 97.3484878540039 0
1774297687771 97.3484878540039 0
1774297774027 97.3484878540039 0
1774297859991 97.3484878540039 0
1774297945141 97.3484878540039 0
1774298031438 97.3484878540039 0
1774298117713 97.3484878540039 0
1774298203620 97.3484878540039 0
1774298289942 97.3484878540039 0
1774298374679 97.3484878540039 0
1774298461041 97.3484878540039 0
1774298547194 97.3484878540039 0
1774298632958 97.3484878540039 0
1774298719046 97.3484878540039 0
1774298803752 97.3484878540039 0
1774298889910 97.3484878540039 0
1774298976217 97.3484878540039 0
1774299061970 97.3484878540039 0
1774299148277 97.3484878540039 0
1774299233322 97.3484878540039 0
1774299320636 97.3484878540039 0
1774299406895 97.3484878540039 0
1774299494120 97.3484878540039 0
1774299580121 97.3484878540039 0
1774299665691 97.3484878540039 0
1774299751103 97.3484878540039 0
1774299836792 97.3484878540039 0
1774299922609 97.3484878540039 0
1774300008508 97.3484878540039 0
1774300095212 97.3484878540039 0
1774300180505 97.3484878540039 0
1774300266827 97.3484878540039 0
1774300352895 97.3484878540039 0
1774300438863 97.3484878540039 0
1774300528171 97.3484878540039 0
1774300617903 97.3484878540039 0
1774300704155 97.3484878540039 0
1774300791067 97.3484878540039 0
1774300877186 97.3484878540039 0
1774300963157 97.3484878540039 0
1774301048641 97.3484878540039 0
1774301135040 97.3484878540039 0
1774301220658 97.3484878540039 0
1774301306715 97.3484878540039 0
1774301392583 97.3484878540039 0
1774301477327 97.3484878540039 0
1774301564342 97.3484878540039 0
1774301650146 97.3484878540039 0
1774301736197 97.3484878540039 0
1774301822841 97.3484878540039 0
1774301907761 97.3484878540039 0
1774301993501 97.3484878540039 0
1774302079801 97.3484878540039 0
1774302166194 97.3484878540039 0
1774302252135 97.3484878540039 0
1774302337617 97.3484878540039 0
1774302423379 97.3484878540039 0
1774302511190 97.3484878540039 0
1774302598336 97.3484878540039 0
1774302684437 97.3484878540039 0
1774302770225 97.3484878540039 0
1774302855885 97.3484878540039 0
1774302942216 97.3484878540039 0
1774303028661 97.3484878540039 0
1774303114820 97.3484878540039 0
1774303201234 97.3484878540039 0
1774303285923 97.3484878540039 0
1774303374787 97.3484878540039 0
1774303460976 97.3484878540039 0
1774303546891 97.3484878540039 0
1774303634078 97.3484878540039 0
1774303719552 97.3484878540039 0
1774303806375 97.3484878540039 0
1774303893984 97.3484878540039 0
1774303981892 97.3484878540039 0
1774304067790 97.3484878540039 0
1774304152888 97.3484878540039 0
1774304239562 97.3484878540039 0
1774304326053 97.3484878540039 0
1774304412112 97.3484878540039 0
1774304498096 97.3484878540039 0
1774304582912 97.3484878540039 0
1774304669437 97.3484878540039 0
1774304756526 97.3484878540039 0
1774304842461 97.3484878540039 0
1774304928637 97.3484878540039 0
1774305013710 97.3484878540039 0
1774305099036 97.3484878540039 0
1774305184818 97.3484878540039 0
1774305271045 97.3484878540039 0
1774305357034 97.3484878540039 0
1774305443282 97.3484878540039 0
1774305528314 97.3484878540039 0
1774305615172 97.3484878540039 0
1774305701580 97.3484878540039 0
1774305787901 97.3484878540039 0
1774305874698 97.3484878540039 0
1774305960541 97.3484878540039 0
1774306046226 97.3484878540039 0
1774306134305 97.3484878540039 0
1774306222782 97.3484878540039 0
1774306309448 97.3484878540039 0
1774306394510 97.3484878540039 0
1774306485631 97.3484878540039 0
1774306572014 97.3484878540039 0
1774306658065 97.3484878540039 0
1774306744004 97.3484878540039 0
1774306828734 97.3484878540039 0
1774306914903 97.3484878540039 0
1774307000864 97.3484878540039 0
1774307087658 97.3484878540039 0
1774307173581 97.3484878540039 0
1774307258730 97.3484878540039 0
1774307345127 97.3484878540039 0
1774307431154 97.3484878540039 0
1774307517762 97.3484878540039 0
1774307604356 97.3484878540039 0
1774307689673 97.3484878540039 0
1774307776260 97.3484878540039 0
1774307862176 97.3484878540039 0
1774307948557 97.3484878540039 0
1774308035768 97.3484878540039 0
1774308122806 97.3484878540039 0
1774308208999 97.3484878540039 0
1774308295699 97.3484878540039 0
1774308381540 97.3484878540039 0
1774308467678 97.3484878540039 0
1774308552992 97.3484878540039 0
1774308640165 97.3484878540039 0
1774308726098 97.3484878540039 0
1774308811788 97.3484878540039 0
