1774291651730 1.6239449427713568 1
1774291737274 0.5465105160728224 2
1774291823271 0.39980323441390136 3
1774291909401 0.29623200983007314 4
1774291995432 0.3032200833509725 5
1774292083330 0.273463126521214 6
1774292169262 0.21512846390588497 7
1774292255167 0.18966925222627787 8
1774292341268 0.18299845694433162 9
1774292427509 0.1627192874315157 10
1774292513693 0.165471267356922 11
1774292600709 0.13678765992216094 12
1774292686675 0.1280397725703199 13
1774292773182 0.1392018905044703 14
1774292859677 0.0899101580529 15
1774292945798 0.083241473753472 16
1774293031063 0.1490953559779137 17
1774293117031 0.13776681335915764 18
1774293202996 0.09361772698217205 19
1774293289457 0.09924194970531704 20
1774293375526 0.08905246810510262 21
1774293463221 0.07888451389543995 22
1774293549574 0.07898246258834304 23
1774293637121 0.10457685957477507 24
1774293723285 0.07703065668220468 25
1774293809691 0.07245612527260394 26
1774293894683 0.05460337523641765 27
1774293980663 0.05333651685591185 28
1774294066911 0.07479329339513188 29
1774294153048 0.05957965580528046 30
1774294239334 0.08878208026198516 31
1774294324288 0.06363404591896249 32
1774294410070 0.0491972162531837 33
1774294495908 0.023714524806781535 34
1774294582598 0.011411410254777847 35
1774294668978 0.015968936198766326 36
1774294754300 0.005581105189083646 37
1774294839537 0.014643043062523647 38
1774294926151 0.014082046319275409 39
1774295012156 0.008084178442594212 40
1774295098308 0.0045360255186826055 41
1774295184052 0.003804011499193351 42
1774295269487 0.003062777253837992 43
1774295356678 0.00759973176323538 44
1774295442797 0.018002965817391012 45
1774295528638 0.004973782430663501 46
1774295614951 0.0035419263389291824 47
1774295699590 0.0028008199516615364 48
1774295787328 0.0033623364725410736 49
1774295873326 0.0026913297936964806 50
1774295958961 0.0022491625892714627 51
1774296044715 0.0018314483173365065 52
1774296131020 0.0014144943391103176 53
1774296216838 0.0020331622522294576 54
1774296302891 0.0036489809853016072 55
1774296389098 0.0014043609085274112 56
1774296474978 0.0018687555538781076 57
1774296560007 0.0013169028998612168 58
1774296647581 0.0018420779686832715 59
1774296733699 0.0012128252227263006 60
1774296820154 0.0017680010933246457 61
1774296905976 0.001105212095506824 62
1774296991937 0.0011244711688349395 63
1774297077513 0.001216029673078542 64
1774297163927 0.0008420902564520398 65
1774297250352 0.001136443668911323 66
1774297337044 0.0006324707873285744 67
1774297423138 0.0014088826529333406 68
1774297508758 0.000430725286751439 69
1774297595162 0.0018362498393475772 70
1774297682093 0.0008929479356298412 71
1774297768426 0.001099739389644568 72
1774297854344 0.0008953311825307507 73
1774297939618 0.0006154619204311399 74
1774298025898 0.0007125291792719642 75
1774298111859 0.0007271791604943591 76
1774298198330 0.0010391736426459289 77
1774298284525 0.0008515266823628537 78
1774298369303 0.000600404629360018 79
1774298455444 0.0008719909144147639 80
1774298541782 0.0006452959298142469 81
1774298627582 0.0012056686385997057 82
1774298713684 0.0008838776103852769 83
1774298798244 0.0005775930417159089 84
1774298884456 0.000582338287115772 85
1774298970596 0.0006887826324692475 86
1774299056569 0.0006633703846881154 87
1774299142985 0.0010935614293657578 88
1774299227971 0.0007384432153755236 89
1774299315170 0.0005546203668185491 90
1774299401236 0.0008313136285629673 91
1774299488635 0.0007564378311805337 92
1774299574791 0.0012578790335163266 93
1774299660119 0.0007407660450640306 94
1774299745759 0.0008059111501970347 95
1774299831526 0.0010759090456323114 96
1774299917375 0.00048307015238763555 97
1774300002950 0.0007316533853419595 98
1774300089735 0.0010629183669433788 99
1774300175109 0.000847399175725763 100
1774300261062 0.0009466703643674148 101
1774300347342 0.000665181388295169 102
1774300433372 0.0005780996458625366 103
1774300522399 0.0009174536725458928 104
1774300612536 0.0005675118229904473 105
1774300698699 0.000830238330223173 106
1774300785739 0.0007192140116433873 107
1774300871870 0.0005712651984394111 108
1774300957793 0.0004887489650866983 109
1774301043216 0.00040751743924471784 110
1774301129816 0.0008990390741862284 111
1774301215447 0.00048333099851168655 112
1774301301286 0.0005324656183962526 113
1774301387267 0.000712436890627168 114
1774301471789 0.0009437378581994236 115
1774301558713 0.0014350382769539483 116
1774301644903 0.0012608637975756514 117
1774301730705 0.0005183942625435828 118
1774301816917 0.0010642989620602361 119
1774301902471 0.0005963036984164122 120
1774301988083 0.0008658390273707084 121
1774302074291 0.0005715440967003427 122
1774302160392 0.0008123671402626561 123
1774302246759 0.000876091518335758 124
1774302332110 0.0008569926054517462 125
1774302417741 0.0008478561457742693 126
1774302505409 0.000705816090446486 127
1774302592933 0.0005297067590282647 128
1774302679028 0.0006618558512858554 129
1774302764620 0.0005294616800052164 130
1774302850065 0.0006864970836194388 131
1774302936721 0.0006245495693315142 132
1774303022723 0.0005302142443925558 133
1774303109484 0.000750172415023605 134
1774303195593 0.0006145066734597147 135
1774303280560 0.000988305523950118 136
1774303369021 0.0006366932993427955 137
1774303455558 0.0008759851825593313 138
1774303541528 0.0005794315144530192 139
1774303628006 0.0006816521130141544 140
1774303714041 0.0006953602046606192 141
1774303800120 0.0009266408884852938 142
1774303888627 0.0009528528888005094 143
1774303975479 0.0007623421034063461 144
1774304062380 0.0012458136961107497 145
1774304147057 0.00103626238581303 146
1774304233354 0.001149812795217388 147
1774304320228 0.0007258021718593574 148
1774304406606 0.0005504814923170846 149
1774304492730 0.0011725515733693444 150
1774304577418 0.000726856761127143 151
1774304663403 0.00045109614247814734 152
1774304750848 0.0007453582396647353 153
1774304837105 0.0009710086078815512 154
1774304923220 0.0006236891856153974 155
1774305008355 0.00043826648552392015 156
1774305093719 0.0006435695010228128 157
1774305179554 0.001004311704762572 158
1774305265451 0.0006923052908843409 159
1774305351512 0.0003564894766227479 160
1774305437437 0.0010535976613284485 161
1774305523071 0.0005468383446347395 162
1774305609593 0.0006129372582467071 163
1774305695844 0.0006653380422092345 164
1774305782392 0.0006983884089058692 165
1774305869397 0.000799473475411524 166
1774305955083 0.0008483201806852247 167
1774306040789 0.0009556555978512696 168
1774306128729 0.0008240421550957872 169
1774306217193 0.0006335320270746908 170
1774306303898 0.000706925936818042 171
1774306388958 0.000783971669008723 172
1774306479883 0.0005956794902909507 173
1774306566136 0.0005624408359036142 174
1774306652436 0.0007598755553762692 175
1774306738564 0.0010206886465177589 176
1774306823348 0.0005335054148912158 177
1774306909162 0.0009601648531176876 178
1774306995598 0.000434734505620403 179
1774307081701 0.0007803518297820604 180
1774307168084 0.0006671539916308073 181
1774307252961 0.0004744558863055262 182
1774307339535 0.0006063087691463621 183
1774307425532 0.0008703315073486476 184
1774307511753 0.000494736921911523 185
1774307598884 0.0006624418999103669 186
1774307684011 0.0006317976549425537 187
1774307770675 0.0009866067106994027 188
1774307856777 0.0005484025634590526 189
1774307942831 0.0008366258591152458 190
1774308030382 0.0005481031080016244 191
1774308117260 0.00044853899175195547 192
1774308203570 0.0007265891017311127 193
1774308289914 0.0006948980482375483 194
1774308376372 0.0010665369707081127 195
1774308462278 0.0006237809932534445 196
1774308547682 0.0003919651671143646 197
1774308634570 0.0008884465919194186 198
1774308720727 0.0007840801573125867 199
1774308806476 0.000684191582498154 200
