1774291657062 0.001 1
1774291742678 0.001 2
1774291828788 0.001 3
1774291914941 0.001 4
1774292000933 0.001 5
1774292089458 0.001 6
1774292174640 0.001 7
1774292260576 0.001 8
1774292347126 0.001 9
1774292433235 0.001 10
1774292519522 0.001 11
1774292606205 0.001 12
1774292692533 0.001 13
1774292778549 0.001 14
1774292865393 0.001 15
1774292951588 0.001 16
1774293036453 0.001 17
1774293122410 0.001 18
1774293208814 0.001 19
1774293294843 0.001 20
1774293381371 0.001 21
1774293468704 0.001 22
1774293555249 0.001 23
1774293642587 0.001 24
1774293729129 0.001 25
1774293815230 0.001 26
1774293900001 0.001 27
1774293986493 0.001 28
1774294072224 0.001 29
1774294158713 0.001 30
1774294244645 0.001 31
1774294329663 0.001 32
1774294415554 0.0005 33
1774294501854 0.0005 34
1774294588123 0.0005 35
1774294674302 0.0005 36
1774294759628 0.0005 37
1774294844917 0.0005 38
1774294931703 0.00025 39
1774295017627 0.00025 40
1774295103676 0.00025 41
1774295189930 0.00025 42
1774295274782 0.00025 43
1774295362151 0.00025 44
1774295448369 0.000125 45
1774295534298 0.000125 46
1774295620485 0.000125 47
1774295705966 0.000125 48
1774295792548 0.000125 49
1774295878589 0.000125 50
1774295964250 6.25e-05 51
1774296049939 6.25e-05 52
1774296136494 6.25e-05 53
1774296222396 6.25e-05 54
1774296308308 6.25e-05 55
1774296394486 6.25e-05 56
1774296480204 3.125e-05 57
1774296565698 3.125e-05 58
1774296653315 3.125e-05 59
1774296739511 3.125e-05 60
1774296825363 3.125e-05 61
1774296911983 3.125e-05 62
1774296997253 1.5625e-05 63
1774297083227 1.5625e-05 64
1774297169700 1.5625e-05 65
1774297256516 1.5625e-05 66
1774297342579 1.5625e-05 67
1774297428887 1.5625e-05 68
1774297514149 7.8125e-06 69
1774297601620 7.8125e-06 70
1774297687773 7.8125e-06 71
1774297774028 7.8125e-06 72
1774297859993 7.8125e-06 73
1774297945142 7.8125e-06 74
1774298031440 3.90625e-06 75
1774298117715 3.90625e-06 76
1774298203621 3.90625e-06 77
1774298289943 3.90625e-06 78
1774298374681 3.90625e-06 79
1774298461043 3.90625e-06 80
1774298547196 1.953125e-06 81
1774298632959 1.953125e-06 82
1774298719048 1.953125e-06 83
1774298803754 1.953125e-06 84
1774298889912 1.953125e-06 85
1774298976218 1.953125e-06 86
1774299061973 9.765625e-07 87
1774299148278 9.765625e-07 88
1774299233324 9.765625e-07 89
1774299320638 9.765625e-07 90
1774299406898 9.765625e-07 91
1774299494122 9.765625e-07 92
1774299580123 4.8828125e-07 93
1774299665692 4.8828125e-07 94
1774299751105 4.8828125e-07 95
1774299836794 4.8828125e-07 96
1774299922611 4.8828125e-07 97
1774300008510 4.8828125e-07 98
1774300095214 2.44140625e-07 99
1774300180506 2.44140625e-07 100
1774300266829 2.44140625e-07 101
1774300352897 2.44140625e-07 102
1774300438865 2.44140625e-07 103
1774300528173 2.44140625e-07 104
1774300617906 1.220703125e-07 105
1774300704157 1.220703125e-07 106
1774300791070 1.220703125e-07 107
1774300877188 1.220703125e-07 108
1774300963158 1.220703125e-07 109
1774301048643 1.220703125e-07 110
1774301135043 6.103515625e-08 111
1774301220660 6.103515625e-08 112
1774301306716 6.103515625e-08 113
1774301392585 6.103515625e-08 114
1774301477329 6.103515625e-08 115
1774301564344 6.103515625e-08 116
1774301650148 3.0517578125e-08 117
1774301736198 3.0517578125e-08 118
1774301822843 3.0517578125e-08 119
1774301907763 3.0517578125e-08 120
1774301993502 3.0517578125e-08 121
1774302079804 3.0517578125e-08 122
1774302166197 1.52587890625e-08 123
1774302252137 1.52587890625e-08 124
1774302337618 1.52587890625e-08 125
1774302423380 1.52587890625e-08 126
1774302511191 1.52587890625e-08 127
1774302598339 1.52587890625e-08 128
1774302684439 1.52587890625e-08 129
1774302770227 1.52587890625e-08 130
1774302855886 1.52587890625e-08 131
1774302942217 1.52587890625e-08 132
1774303028663 1.52587890625e-08 133
1774303114822 1.52587890625e-08 134
1774303201236 1.52587890625e-08 135
1774303285924 1.52587890625e-08 136
1774303374789 1.52587890625e-08 137
1774303460977 1.52587890625e-08 138
1774303546893 1.52587890625e-08 139
1774303634080 1.52587890625e-08 140
1774303719554 1.52587890625e-08 141
1774303806376 1.52587890625e-08 142
1774303893986 1.52587890625e-08 143
1774303981893 1.52587890625e-08 144
1774304067792 1.52587890625e-08 145
1774304152890 1.52587890625e-08 146
1774304239564 1.52587890625e-08 147
1774304326054 1.52587890625e-08 148
1774304412114 1.52587890625e-08 149
1774304498098 1.52587890625e-08 150
1774304582914 1.52587890625e-08 151
1774304669438 1.52587890625e-08 152
1774304756528 1.52587890625e-08 153
1774304842463 1.52587890625e-08 154
1774304928638 1.52587890625e-08 155
1774305013711 1.52587890625e-08 156
1774305099038 1.52587890625e-08 157
1774305184820 1.52587890625e-08 158
1774305271047 1.52587890625e-08 159
1774305357036 1.52587890625e-08 160
1774305443284 1.52587890625e-08 161
1774305528316 1.52587890625e-08 162
1774305615174 1.52587890625e-08 163
1774305701582 1.52587890625e-08 164
1774305787902 1.52587890625e-08 165
1774305874700 1.52587890625e-08 166
1774305960543 1.52587890625e-08 167
1774306046228 1.52587890625e-08 168
1774306134308 1.52587890625e-08 169
1774306222784 1.52587890625e-08 170
1774306309449 1.52587890625e-08 171
1774306394513 1.52587890625e-08 172
1774306485633 1.52587890625e-08 173
1774306572016 1.52587890625e-08 174
1774306658067 1.52587890625e-08 175
1774306744006 1.52587890625e-08 176
1774306828737 1.52587890625e-08 177
1774306914906 1.52587890625e-08 178
1774307000866 1.52587890625e-08 179
1774307087660 1.52587890625e-08 180
1774307173582 1.52587890625e-08 181
1774307258733 1.52587890625e-08 182
1774307345129 1.52587890625e-08 183
1774307431155 1.52587890625e-08 184
1774307517765 1.52587890625e-08 185
1774307604358 1.52587890625e-08 186
1774307689675 1.52587890625e-08 187
1774307776262 1.52587890625e-08 188
1774307862178 1.52587890625e-08 189
1774307948559 1.52587890625e-08 190
1774308035770 1.52587890625e-08 191
1774308122808 1.52587890625e-08 192
1774308209001 1.52587890625e-08 193
1774308295701 1.52587890625e-08 194
1774308381542 1.52587890625e-08 195
1774308467680 1.52587890625e-08 196
1774308552994 1.52587890625e-08 197
1774308640167 1.52587890625e-08 198
1774308726100 1.52587890625e-08 199
1774308811790 1.52587890625e-08 200
