1774677776881 25.188888549804688 1
1774677853708 35.31111145019531 2
1774677920052 40.122222900390625 3
1774677986280 44.622222900390625 4
1774678052733 47.70000076293945 5
1774678118935 52.22222137451172 6
1774678184916 54.67778015136719 7
1774678251183 57.68888854980469 8
1774678317470 59.333335876464844 9
1774678383479 62.67778015136719 10
1774678449588 64.72222137451172 11
1774678515763 66.64444732666016 12
1774678582343 68.92222595214844 13
1774678648287 69.93333435058594 14
1774678714418 75.3888931274414 15
1774678780525 77.86666870117188 16
1774678846766 79.5999984741211 17
1774678913056 80.76667022705078 18
1774678979270 82.75555419921875 19
1774679045493 83.22222137451172 20
1774679111567 88.13333129882812 21
1774679178030 89.5111083984375 22
1774679244374 90.4888916015625 23
1774679310761 91.32221984863281 24
1774679377157 92.32221984863281 25
1774679443236 92.53333282470703 26
1774679509290 95.4111099243164 27
1774679575654 96.04444885253906 28
1774679641648 96.23333740234375 29
1774679707907 96.93333435058594 30
1774679774004 97.15555572509766 31
1774679840160 97.46666717529297 32
1774679906278 98.0777816772461 33
1774679972469 98.5888900756836 34
1774680039048 98.30000305175781 35
1774680105106 98.76667022705078 36
1774680171284 98.78888702392578 37
1774680237410 98.84444427490234 38
1774680303462 99.21111297607422 39
1774680369794 99.15555572509766 40
1774680435912 99.22222137451172 41
1774680501940 99.36666870117188 42
1774680568216 99.34444427490234 43
1774680634202 99.31111145019531 44
1774680700163 99.56666564941406 45
1774680766261 99.4888916015625 46
1774680832979 99.55555725097656 47
1774680899195 99.5 48
1774680965494 99.53333282470703 49
1774681031523 99.5777816772461 50
1774681097537 99.54444885253906 51
1774681163857 99.53333282470703 52
1774681230232 99.5777816772461 53
1774681296174 99.55555725097656 54
1774681362456 99.56666564941406 55
1774681428545 99.63333129882812 56
1774681495048 99.61111450195312 57
1774681561217 99.62222290039062 58
1774681627745 99.54444885253906 59
1774681693838 99.67778015136719 60
1774681759919 99.61111450195312 61
1774681825973 99.5777816772461 62
1774681891991 99.5999984741211 63
1774681957967 99.62222290039062 64
1774682023973 99.5888900756836 65
1774682089866 99.67778015136719 66
1774682156073 99.56666564941406 67
1774682221990 99.5999984741211 68
1774682288168 99.63333129882812 69
1774682354117 99.72222137451172 70
1774682420299 99.70000457763672 71
1774682486178 99.66666412353516 72
1774682552233 99.74444580078125 73
1774682618257 99.70000457763672 74
1774682684264 99.62222290039062 75
1774682750377 99.71111297607422 76
1774682816630 99.64444732666016 77
1774682882579 99.66666412353516 78
1774682948604 99.68888854980469 79
1774683015137 99.70000457763672 80
1774683081522 99.71111297607422 81
1774683147524 99.67778015136719 82
1774683213630 99.64444732666016 83
1774683279970 99.71111297607422 84
1774683345810 99.75555419921875 85
1774683411390 99.71111297607422 86
1774683477164 99.70000457763672 87
1774683543235 99.73333740234375 88
1774683609349 99.64444732666016 89
1774683675657 99.61111450195312 90
1774683741562 99.82221984863281 91
1774683807309 99.67778015136719 92
1774683873357 99.62222290039062 93
1774683939700 99.72222137451172 94
1774684005554 99.66666412353516 95
1774684071917 99.68888854980469 96
1774684137765 99.72222137451172 97
1774684203992 99.72222137451172 98
1774684270323 99.64444732666016 99
1774684336237 99.75555419921875 100
1774684402648 99.71111297607422 101
1774684468720 99.66666412353516 102
1774684534758 99.70000457763672 103
1774684600703 99.74444580078125 104
1774684666987 99.70000457763672 105
1774684732831 99.5999984741211 106
1774684798943 99.68888854980469 107
1774684865335 99.72222137451172 108
1774684931439 99.76667022705078 109
1774684997582 99.72222137451172 110
1774685063818 99.61111450195312 111
1774685129805 99.71111297607422 112
1774685196149 99.66666412353516 113
1774685262598 99.72222137451172 114
1774685328437 99.70000457763672 115
1774685394380 99.73333740234375 116
1774685460797 99.72222137451172 117
1774685527014 99.76667022705078 118
1774685593279 99.71111297607422 119
1774685659567 99.68888854980469 120
1774685725847 99.67778015136719 121
1774685792266 99.68888854980469 122
1774685858760 99.68888854980469 123
1774685925144 99.70000457763672 124
1774685990966 99.71111297607422 125
1774686056827 99.77777862548828 126
1774686122944 99.72222137451172 127
1774686188962 99.80000305175781 128
1774686254971 99.72222137451172 129
1774686320859 99.71111297607422 130
1774686386933 99.62222290039062 131
1774686452700 99.64444732666016 132
1774686518841 99.63333129882812 133
1774686585427 99.77777862548828 134
1774686651777 99.63333129882812 135
1774686717839 99.64444732666016 136
1774686783808 99.82221984863281 137
1774686849958 99.67778015136719 138
1774686915836 99.66666412353516 139
1774686982267 99.66666412353516 140
1774687048061 99.66666412353516 141
1774687113930 99.66666412353516 142
1774687179761 99.61111450195312 143
1774687245612 99.67778015136719 144
1774687311990 99.61111450195312 145
1774687378144 99.74444580078125 146
1774687444216 99.65555572509766 147
1774687510316 99.71111297607422 148
1774687576208 99.71111297607422 149
1774687642041 99.62222290039062 150
1774687707769 99.74444580078125 151
1774687773606 99.72222137451172 152
1774687839839 99.56666564941406 153
1774687905854 99.5999984741211 154
1774687971847 99.65555572509766 155
1774688037970 99.70000457763672 156
1774688103986 99.68888854980469 157
1774688169781 99.74444580078125 158
1774688235725 99.5888900756836 159
1774688301556 99.66666412353516 160
1774688367831 99.66666412353516 161
1774688434159 99.66666412353516 162
1774688500688 99.74444580078125 163
1774688566417 99.65555572509766 164
1774688632592 99.70000457763672 165
1774688698474 99.75555419921875 166
1774688764754 99.5999984741211 167
1774688830999 99.68888854980469 168
1774688897256 99.70000457763672 169
1774688963222 99.68888854980469 170
1774689029091 99.65555572509766 171
1774689095111 99.72222137451172 172
1774689161078 99.78888702392578 173
1774689226849 99.74444580078125 174
1774689293045 99.77777862548828 175
1774689359176 99.63333129882812 176
1774689425094 99.62222290039062 177
1774689491056 99.66666412353516 178
1774689557059 99.66666412353516 179
1774689623563 99.55555725097656 180
1774689689824 99.68888854980469 181
1774689755622 99.73333740234375 182
1774689821495 99.64444732666016 183
1774689887838 99.67778015136719 184
1774689953896 99.67778015136719 185
1774690020111 99.64444732666016 186
1774690086500 99.72222137451172 187
1774690152721 99.68888854980469 188
1774690218605 99.66666412353516 189
1774690284898 99.68888854980469 190
1774690351146 99.70000457763672 191
1774690417030 99.62222290039062 192
1774690483236 99.64444732666016 193
1774690549140 99.70000457763672 194
1774690615117 99.70000457763672 195
1774690681260 99.5777816772461 196
1774690747457 99.75555419921875 197
1774690813544 99.64444732666016 198
1774690879987 99.67778015136719 199
1774690946051 99.5777816772461 200
