1774677782618 32.60000228881836 0
1774677857595 39.30000305175781 0
1774677923754 44.70000076293945 0
1774677990256 46.30000305175781 0
1774678056485 51.30000305175781 0
1774678122621 51.30000305175781 0
1774678188868 51.30000305175781 0
1774678254908 56.400001525878906 0
1774678321045 56.900001525878906 0
1774678387181 60.30000305175781 0
1774678453545 60.30000305175781 0
1774678519949 60.400001525878906 0
1774678586014 60.400001525878906 0
1774678652017 65.9000015258789 0
1774678718091 67.9000015258789 0
1774678784380 68.20000457763672 0
1774678850420 69.10000610351562 0
1774678916758 69.20000457763672 0
1774678982966 69.9000015258789 0
1774679049061 70.4000015258789 0
1774679115472 71.0 0
1774679181837 71.20000457763672 0
1774679248200 72.5 0
1774679314796 72.5 0
1774679380926 72.5 0
1774679446940 72.5 0
1774679513228 72.70000457763672 0
1774679579341 73.10000610351562 0
1774679645651 73.10000610351562 0
1774679711752 73.10000610351562 0
1774679777863 73.10000610351562 0
1774679843991 73.10000610351562 0
1774679909986 73.4000015258789 0
1774679976551 73.70000457763672 0
1774680042927 73.70000457763672 0
1774680108973 73.70000457763672 0
1774680174975 74.30000305175781 0
1774680241153 74.30000305175781 0
1774680307548 74.30000305175781 0
1774680373626 74.30000305175781 0
1774680439655 74.30000305175781 0
1774680505924 74.30000305175781 0
1774680571893 74.30000305175781 0
1774680637866 74.30000305175781 0
1774680703956 74.30000305175781 0
1774680770383 74.4000015258789 0
1774680836925 74.4000015258789 0
1774680903116 74.4000015258789 0
1774680969199 74.4000015258789 0
1774681035277 74.4000015258789 0
1774681101496 74.4000015258789 0
1774681167959 74.4000015258789 0
1774681233918 74.4000015258789 0
1774681300112 74.4000015258789 0
1774681366197 74.4000015258789 0
1774681432752 74.4000015258789 0
1774681498982 74.4000015258789 0
1774681565364 74.4000015258789 0
1774681631620 74.4000015258789 0
1774681697667 74.4000015258789 0
1774681763683 74.4000015258789 0
1774681829785 74.4000015258789 0
1774681895671 74.4000015258789 0
1774681961670 74.4000015258789 0
1774682027654 74.4000015258789 0
1774682093797 74.4000015258789 0
1774682159783 74.4000015258789 0
1774682225877 74.4000015258789 0
1774682291845 74.4000015258789 0
1774682357980 74.4000015258789 0
1774682423972 74.4000015258789 0
1774682489991 74.4000015258789 0
1774682555917 74.4000015258789 0
1774682621933 74.4000015258789 0
1774682688087 74.4000015258789 0
1774682754412 74.4000015258789 0
1774682820299 74.4000015258789 0
1774682886343 74.4000015258789 0
1774682952755 74.4000015258789 0
1774683019239 74.4000015258789 0
1774683085217 74.4000015258789 0
1774683151306 74.4000015258789 0
1774683217730 74.4000015258789 0
1774683283672 74.4000015258789 0
1774683349405 74.4000015258789 0
1774683415064 74.4000015258789 0
1774683481111 74.4000015258789 0
1774683547186 74.4000015258789 0
1774683613451 74.4000015258789 0
1774683679458 74.4000015258789 0
1774683745223 74.4000015258789 0
1774683811236 74.4000015258789 0
1774683877553 74.4000015258789 0
1774683943458 74.4000015258789 0
1774684009716 74.4000015258789 0
1774684075585 74.4000015258789 0
1774684141786 74.4000015258789 0
1774684208225 74.4000015258789 0
1774684274107 74.4000015258789 0
1774684340428 74.4000015258789 0
1774684406540 74.4000015258789 0
1774684472442 74.4000015258789 0
1774684538533 74.4000015258789 0
1774684604751 74.4000015258789 0
1774684670659 74.4000015258789 0
1774684736772 74.4000015258789 0
1774684803205 74.4000015258789 0
1774684869254 74.4000015258789 0
1774684935386 74.4000015258789 0
1774685001593 74.4000015258789 0
1774685067547 74.4000015258789 0
1774685133897 74.4000015258789 0
1774685200400 74.4000015258789 0
1774685266229 74.4000015258789 0
1774685332121 74.4000015258789 0
1774685398545 74.4000015258789 0
1774685464733 74.4000015258789 0
1774685531032 74.4000015258789 0
1774685597268 74.4000015258789 0
1774685663618 74.4000015258789 0
1774685729979 74.4000015258789 0
1774685796504 74.4000015258789 0
1774685862873 74.4000015258789 0
1774685928823 74.4000015258789 0
1774685994645 74.4000015258789 0
1774686060735 74.4000015258789 0
1774686126633 74.4000015258789 0
1774686192769 74.4000015258789 0
1774686258685 74.4000015258789 0
1774686324748 74.4000015258789 0
1774686390624 74.4000015258789 0
1774686456630 74.4000015258789 0
1774686523147 74.4000015258789 0
1774686589562 74.4000015258789 0
1774686655615 74.4000015258789 0
1774686721570 74.4000015258789 0
1774686787767 74.4000015258789 0
1774686853632 74.4000015258789 0
1774686920022 74.4000015258789 0
1774686985978 74.4000015258789 0
1774687051732 74.4000015258789 0
1774687117612 74.4000015258789 0
1774687183440 74.4000015258789 0
1774687249737 74.4000015258789 0
1774687315941 74.4000015258789 0
1774687382029 74.4000015258789 0
1774687448147 74.4000015258789 0
1774687513976 74.4000015258789 0
1774687579905 74.4000015258789 0
1774687645764 74.4000015258789 0
1774687711458 74.4000015258789 0
1774687777628 74.4000015258789 0
1774687843604 74.4000015258789 0
1774687909576 74.4000015258789 0
1774687975767 74.4000015258789 0
1774688041767 74.4000015258789 0
1774688107607 74.4000015258789 0
1774688173555 74.4000015258789 0
1774688239455 74.4000015258789 0
1774688305559 74.4000015258789 0
1774688371864 74.4000015258789 0
1774688438157 74.4000015258789 0
1774688504400 74.4000015258789 0
1774688570235 74.4000015258789 0
1774688636324 74.4000015258789 0
1774688702553 74.4000015258789 0
1774688768744 74.4000015258789 0
1774688835022 74.4000015258789 0
1774688900944 74.4000015258789 0
1774688966917 74.4000015258789 0
1774689032821 74.4000015258789 0
1774689098989 74.4000015258789 0
1774689164745 74.4000015258789 0
1774689230790 74.4000015258789 0
1774689297006 74.4000015258789 0
1774689362963 74.4000015258789 0
1774689428929 74.4000015258789 0
1774689494786 74.4000015258789 0
1774689561334 74.4000015258789 0
1774689627703 74.4000015258789 0
1774689693522 74.4000015258789 0
1774689759287 74.4000015258789 0
1774689825636 74.4000015258789 0
1774689891600 74.4000015258789 0
1774689957901 74.4000015258789 0
1774690024316 74.4000015258789 0
1774690090570 74.4000015258789 0
1774690156398 74.4000015258789 0
1774690222762 74.4000015258789 0
1774690289056 74.4000015258789 0
1774690354904 74.4000015258789 0
1774690421008 74.4000015258789 0
1774690486973 74.4000015258789 0
1774690552912 74.4000015258789 0
1774690619134 74.4000015258789 0
1774690685100 74.4000015258789 0
1774690751236 74.4000015258789 0
1774690817697 74.4000015258789 0
1774690883731 74.4000015258789 0
1774690949775 74.4000015258789 0
