1774677776883 6.105245001475017 1
1774677853712 6.092747937520345 2
1774677920056 5.947751290639242 3
1774677986283 5.7468726518419055 4
1774678052735 5.68575829188029 5
1774678118938 5.3906338551839195 6
1774678184919 5.202559753417969 7
1774678251186 4.892909061008029 8
1774678317473 4.649852328618367 9
1774678383482 4.380785637537638 10
1774678449590 4.238488388061524 11
1774678515766 4.024016510009766 12
1774678582346 3.694262512418959 13
1774678648289 3.668240354961819 14
1774678714421 2.7533224601215784 15
1774678780528 2.5653701847924126 16
1774678846768 2.2967174248165554 17
1774678913058 2.2412485826280384 18
1774678979273 1.9214872205522324 19
1774679045495 1.8764501543045045 20
1774679111570 1.1942545314364963 21
1774679178033 1.0449793385399713 22
1774679244377 0.9130097942617205 23
1774679310765 0.8412781898710463 24
1774679377160 0.7407563310497337 25
1774679443239 0.6565642505950398 26
1774679509292 0.3754770229678187 27
1774679575657 0.3495773408119179 28
1774679641651 0.30139790640667585 29
1774679707910 0.25530217250254666 30
1774679774006 0.21896138966912662 31
1774679840163 0.1835543584728342 32
1774679906280 0.13166022151989057 33
1774679972471 0.11842742411072449 34
1774680039051 0.142363537265498 35
1774680105108 0.09463106373567767 36
1774680171287 0.09256320071809654 37
1774680237412 0.07097035128293588 38
1774680303465 0.05301458742161493 39
1774680369797 0.059933714975506015 40
1774680435915 0.053309670833411364 41
1774680501942 0.04581476870867638 42
1774680568218 0.04744314553763211 43
1774680634204 0.04261660533485981 44
1774680700166 0.02465802246681602 45
1774680766263 0.03599087477378205 46
1774680832982 0.03405389144415703 47
1774680899197 0.030072100943958256 48
1774680965497 0.03944625104086839 49
1774681031525 0.026214679915687357 50
1774681097540 0.03215533768486016 51
1774681163860 0.03707127982172023 52
1774681230234 0.02988268363365618 53
1774681296176 0.026618701516368 54
1774681362460 0.03374932993824806 55
1774681428548 0.02141544493319366 56
1774681495051 0.027098210785751822 57
1774681561220 0.02550111483224611 58
1774681627748 0.02528217228336634 59
1774681693841 0.024817982733075436 60
1774681759921 0.02352317958513002 61
1774681825977 0.023853799484013342 62
1774681891994 0.030279791914776102 63
1774681957969 0.02191480109413205 64
1774682023976 0.02200794365650899 65
1774682089869 0.019854304316500634 66
1774682156075 0.02462365092985161 67
1774682221993 0.02231999705200994 68
1774682288170 0.021877592707339435 69
1774682354120 0.015311364689212341 70
1774682420301 0.026533870233142985 71
1774682486181 0.020861455142545986 72
1774682552236 0.020043473893964256 73
1774682618260 0.02056637132879823 74
1774682684267 0.017979055030810646 75
1774682750379 0.019283607867586414 76
1774682816633 0.015853086034199448 77
1774682882583 0.021340853750892404 78
1774682948607 0.019921568833720472 79
1774683015138 0.017556584729847356 80
1774683081525 0.016568077779422534 81
1774683147525 0.02326222229310103 82
1774683213632 0.027634630137010095 83
1774683279973 0.01757783052400839 84
1774683345812 0.017667505118186124 85
1774683411393 0.022262252818657884 86
1774683477166 0.01788013457514485 87
1774683543237 0.017947063511709542 88
1774683609352 0.02608565760960773 89
1774683675660 0.02291575880684367 90
1774683741565 0.014547311399450912 91
1774683807312 0.025707951948092094 92
1774683873359 0.021955176067641344 93
1774683939702 0.014906933883475703 94
1774684005557 0.02002872534098039 95
1774684071919 0.021731413469946868 96
1774684137767 0.015776306599287433 97
1774684203994 0.01980895829316531 98
1774684270324 0.022125056626894613 99
1774684336239 0.01491633909244207 100
1774684402650 0.021136740389341057 101
1774684468722 0.020929974287755903 102
1774684534760 0.019655449183435095 103
1774684600705 0.012035044491669181 104
1774684666990 0.02141708913817209 105
1774684732834 0.024863954250412757 106
1774684798945 0.015775581588826304 107
1774684865338 0.01821565082443545 108
1774684931442 0.015018588378618612 109
1774684997584 0.01413855819672431 110
1774685063821 0.02184246466838183 111
1774685129809 0.022459336939044415 112
1774685196153 0.024911465634297587 113
1774685262601 0.020162039465425583 114
1774685328439 0.016823120193984034 115
1774685394383 0.022664074533626483 116
1774685460800 0.019975857858700125 117
1774685527017 0.01600170932745613 118
1774685593280 0.017922082783647125 119
1774685659571 0.021073326258215466 120
1774685725850 0.02018417475210811 121
1774685792268 0.02046232572434098 122
1774685858763 0.014927558313105617 123
1774685925147 0.019984583972262573 124
1774685990967 0.015749059949122506 125
1774686056830 0.019071285061828647 126
1774686122947 0.02483035133882695 127
1774686188965 0.014060501254378766 128
1774686254974 0.017386904469424456 129
1774686320862 0.018713710895489177 130
1774686386936 0.02832739278019213 131
1774686452703 0.026436732035727155 132
1774686518843 0.02255343076038157 133
1774686585429 0.02106545299297331 134
1774686651779 0.02221388241040167 135
1774686717841 0.02597569454344462 136
1774686783812 0.013210777070165824 137
1774686849961 0.022158793494268594 138
1774686915839 0.01825520101415527 139
1774686982270 0.01960494871618663 140
1774687048062 0.019953156281650328 141
1774687113933 0.024378877149431027 142
1774687179764 0.030505036146789705 143
1774687245615 0.01879820571575216 144
1774687311993 0.023298329856883168 145
1774687378147 0.01885963591674275 146
1774687444219 0.03018490531939187 147
1774687510318 0.017639235104724246 148
1774687576211 0.020494282663451775 149
1774687642043 0.024062652488668606 150
1774687707771 0.019268518595664166 151
1774687773608 0.014662619692687265 152
1774687839842 0.02855264303664805 153
1774687905855 0.025081073998236385 154
1774687971849 0.023926088412248456 155
1774688037972 0.024896773270533787 156
1774688103989 0.02068612934654412 157
1774688169782 0.015304597533710098 158
1774688235727 0.022952956801878137 159
1774688301559 0.021391756611589097 160
1774688367834 0.015988189722142877 161
1774688434162 0.023580411955166306 162
1774688500691 0.0132841669420035 163
1774688566420 0.02150135393155687 164
1774688632594 0.021024830451631574 165
1774688698477 0.01984304912010775 166
1774688764757 0.0297022348511189 167
1774688831002 0.01839104990501442 168
1774688897258 0.021627778438716737 169
1774688963225 0.017113906558696164 170
1774689029094 0.018716416880600703 171
1774689095113 0.019652308990004464 172
1774689161081 0.015037603934481088 173
1774689226852 0.01172943576657956 174
1774689293048 0.015901253247645675 175
1774689359179 0.023193146917833384 176
1774689425096 0.022646005720262402 177
1774689491058 0.017967992045060385 178
1774689557062 0.018625675454225516 179
1774689623566 0.021617211889257196 180
1774689689827 0.02048169583607261 181
1774689755624 0.017718328232666725 182
1774689821497 0.02163309715255528 183
1774689887842 0.022566622784389458 184
1774689953898 0.015100650266195859 185
1774690020114 0.024054707177819518 186
1774690086502 0.025552102786029984 187
1774690152724 0.023140513655712278 188
1774690218608 0.021412067763957737 189
1774690284901 0.02132772620838141 190
1774690351148 0.01959468422216337 191
1774690417032 0.02158086776876019 192
1774690483238 0.02089581955374704 193
1774690549142 0.01964633818600612 194
1774690615120 0.01617308613215244 195
1774690681261 0.03212880584928422 196
1774690747460 0.014473106596421356 197
1774690813546 0.02779861652117413 198
1774690879989 0.023097822932394468 199
1774690946054 0.02318821661024728 200
