1774677782706 0.001 1
1774677857738 0.001 2
1774677923966 0.001 3
1774677990493 0.001 4
1774678056692 0.001 5
1774678122622 0.001 6
1774678188870 0.001 7
1774678255159 0.001 8
1774678321200 0.001 9
1774678387332 0.001 10
1774678453546 0.001 11
1774678520127 0.001 12
1774678586015 0.001 13
1774678652200 0.0005 14
1774678718262 0.0005 15
1774678784551 0.0005 16
1774678850775 0.0005 17
1774678916972 0.0005 18
1774678983182 0.0005 19
1774679049233 0.00025 20
1774679115695 0.00025 21
1774679181985 0.00025 22
1774679248423 0.00025 23
1774679314798 0.00025 24
1774679380928 0.00025 25
1774679446942 0.000125 26
1774679513403 0.000125 27
1774679579482 0.000125 28
1774679645653 0.000125 29
1774679711755 0.000125 30
1774679777864 0.000125 31
1774679843992 6.25e-05 32
1774679910143 6.25e-05 33
1774679976766 6.25e-05 34
1774680042928 6.25e-05 35
1774680108975 6.25e-05 36
1774680175147 6.25e-05 37
1774680241155 3.125e-05 38
1774680307550 3.125e-05 39
1774680373629 3.125e-05 40
1774680439657 3.125e-05 41
1774680505926 3.125e-05 42
1774680571895 3.125e-05 43
1774680637868 1.5625e-05 44
1774680703957 1.5625e-05 45
1774680770623 1.5625e-05 46
1774680836926 1.5625e-05 47
1774680903118 1.5625e-05 48
1774680969200 1.5625e-05 49
1774681035279 7.8125e-06 50
1774681101498 7.8125e-06 51
1774681167960 7.8125e-06 52
1774681233919 7.8125e-06 53
1774681300114 7.8125e-06 54
1774681366198 7.8125e-06 55
1774681432755 3.90625e-06 56
1774681498983 3.90625e-06 57
1774681565366 3.90625e-06 58
1774681631621 3.90625e-06 59
1774681697668 3.90625e-06 60
1774681763684 3.90625e-06 61
1774681829786 1.953125e-06 62
1774681895673 1.953125e-06 63
1774681961671 1.953125e-06 64
1774682027655 1.953125e-06 65
1774682093799 1.953125e-06 66
1774682159784 1.953125e-06 67
1774682225878 9.765625e-07 68
1774682291846 9.765625e-07 69
1774682357982 9.765625e-07 70
1774682423974 9.765625e-07 71
1774682489993 9.765625e-07 72
1774682555918 9.765625e-07 73
1774682621934 4.8828125e-07 74
1774682688089 4.8828125e-07 75
1774682754414 4.8828125e-07 76
1774682820300 4.8828125e-07 77
1774682886344 4.8828125e-07 78
1774682952757 4.8828125e-07 79
1774683019241 2.44140625e-07 80
1774683085218 2.44140625e-07 81
1774683151307 2.44140625e-07 82
1774683217731 2.44140625e-07 83
1774683283673 2.44140625e-07 84
1774683349407 2.44140625e-07 85
1774683415065 1.220703125e-07 86
1774683481113 1.220703125e-07 87
1774683547188 1.220703125e-07 88
1774683613452 1.220703125e-07 89
1774683679459 1.220703125e-07 90
1774683745224 1.220703125e-07 91
1774683811238 6.103515625e-08 92
1774683877554 6.103515625e-08 93
1774683943460 6.103515625e-08 94
1774684009718 6.103515625e-08 95
1774684075586 6.103515625e-08 96
1774684141788 6.103515625e-08 97
1774684208226 3.0517578125e-08 98
1774684274108 3.0517578125e-08 99
1774684340430 3.0517578125e-08 100
1774684406542 3.0517578125e-08 101
1774684472443 3.0517578125e-08 102
1774684538534 3.0517578125e-08 103
1774684604753 1.52587890625e-08 104
1774684670661 1.52587890625e-08 105
1774684736773 1.52587890625e-08 106
1774684803207 1.52587890625e-08 107
1774684869256 1.52587890625e-08 108
1774684935388 1.52587890625e-08 109
1774685001595 1.52587890625e-08 110
1774685067550 1.52587890625e-08 111
1774685133899 1.52587890625e-08 112
1774685200402 1.52587890625e-08 113
1774685266231 1.52587890625e-08 114
1774685332123 1.52587890625e-08 115
1774685398546 1.52587890625e-08 116
1774685464734 1.52587890625e-08 117
1774685531033 1.52587890625e-08 118
1774685597271 1.52587890625e-08 119
1774685663619 1.52587890625e-08 120
1774685729981 1.52587890625e-08 121
1774685796508 1.52587890625e-08 122
1774685862875 1.52587890625e-08 123
1774685928824 1.52587890625e-08 124
1774685994646 1.52587890625e-08 125
1774686060736 1.52587890625e-08 126
1774686126634 1.52587890625e-08 127
1774686192771 1.52587890625e-08 128
1774686258686 1.52587890625e-08 129
1774686324749 1.52587890625e-08 130
1774686390626 1.52587890625e-08 131
1774686456633 1.52587890625e-08 132
1774686523150 1.52587890625e-08 133
1774686589563 1.52587890625e-08 134
1774686655617 1.52587890625e-08 135
1774686721572 1.52587890625e-08 136
1774686787768 1.52587890625e-08 137
1774686853634 1.52587890625e-08 138
1774686920023 1.52587890625e-08 139
1774686985979 1.52587890625e-08 140
1774687051733 1.52587890625e-08 141
1774687117613 1.52587890625e-08 142
1774687183441 1.52587890625e-08 143
1774687249738 1.52587890625e-08 144
1774687315942 1.52587890625e-08 145
1774687382030 1.52587890625e-08 146
1774687448148 1.52587890625e-08 147
1774687513977 1.52587890625e-08 148
1774687579907 1.52587890625e-08 149
1774687645765 1.52587890625e-08 150
1774687711459 1.52587890625e-08 151
1774687777631 1.52587890625e-08 152
1774687843605 1.52587890625e-08 153
1774687909578 1.52587890625e-08 154
1774687975769 1.52587890625e-08 155
1774688041768 1.52587890625e-08 156
1774688107608 1.52587890625e-08 157
1774688173556 1.52587890625e-08 158
1774688239457 1.52587890625e-08 159
1774688305561 1.52587890625e-08 160
1774688371866 1.52587890625e-08 161
1774688438159 1.52587890625e-08 162
1774688504401 1.52587890625e-08 163
1774688570236 1.52587890625e-08 164
1774688636326 1.52587890625e-08 165
1774688702555 1.52587890625e-08 166
1774688768745 1.52587890625e-08 167
1774688835023 1.52587890625e-08 168
1774688900945 1.52587890625e-08 169
1774688966918 1.52587890625e-08 170
1774689032822 1.52587890625e-08 171
1774689098991 1.52587890625e-08 172
1774689164747 1.52587890625e-08 173
1774689230791 1.52587890625e-08 174
1774689297008 1.52587890625e-08 175
1774689362964 1.52587890625e-08 176
1774689428931 1.52587890625e-08 177
1774689494788 1.52587890625e-08 178
1774689561335 1.52587890625e-08 179
1774689627705 1.52587890625e-08 180
1774689693523 1.52587890625e-08 181
1774689759289 1.52587890625e-08 182
1774689825638 1.52587890625e-08 183
1774689891601 1.52587890625e-08 184
1774689957903 1.52587890625e-08 185
1774690024318 1.52587890625e-08 186
1774690090571 1.52587890625e-08 187
1774690156399 1.52587890625e-08 188
1774690222764 1.52587890625e-08 189
1774690289058 1.52587890625e-08 190
1774690354906 1.52587890625e-08 191
1774690421009 1.52587890625e-08 192
1774690486975 1.52587890625e-08 193
1774690552914 1.52587890625e-08 194
1774690619136 1.52587890625e-08 195
1774690685101 1.52587890625e-08 196
1774690751237 1.52587890625e-08 197
1774690817699 1.52587890625e-08 198
1774690883733 1.52587890625e-08 199
1774690949776 1.52587890625e-08 200
