1774255668220 45.95711898803711 1
1774255867235 70.111083984375 2
1774256060609 86.23094940185547 3
1774256254855 90.6225814819336 4
1774256449363 93.46422576904297 5
1774256645311 94.44588470458984 6
1774256839938 96.4092025756836 7
1774257034357 95.94420623779297 8
1774257228169 96.66753387451172 9
1774257423976 97.41668701171875 10
1774257618999 97.85585021972656 11
1774257813450 98.1400146484375 12
1774258008158 98.06251525878906 13
1774258201497 98.760009765625 14
1774258397602 98.45001220703125 15
1774258591830 98.24334716796875 16
1774258788004 98.81167602539062 17
1774258981997 99.32833862304688 18
1774259175691 99.53500366210938 19
1774259372140 99.53500366210938 20
1774259567025 99.63833618164062 21
1774259763825 99.69000244140625 22
1774259957065 99.53500366210938 23
1774260151840 99.76750183105469 24
1774260347159 99.76750183105469 25
1774260542245 99.84500122070312 26
1774260738426 99.87083435058594 27
1774260931731 99.81916809082031 28
1774261126790 99.84500122070312 29
1774261321371 99.87083435058594 30
1774261516605 99.87083435058594 31
1774261711961 99.89666748046875 32
1774261906175 99.89666748046875 33
1774262100817 99.89666748046875 34
1774262295620 99.87083435058594 35
1774262492421 99.89666748046875 36
1774262687037 99.87083435058594 37
1774262881429 99.87083435058594 38
1774263075172 99.89666748046875 39
1774263271240 99.89666748046875 40
1774263466650 99.89666748046875 41
1774263662046 99.89666748046875 42
1774263856760 99.89666748046875 43
1774264050019 99.89666748046875 44
1774264244981 99.92250061035156 45
1774264440248 99.89666748046875 46
1774264635964 99.92250061035156 47
1774264830645 99.92250061035156 48
1774265024102 99.89666748046875 49
1774265219484 99.89666748046875 50
1774265414802 99.89666748046875 51
1774265610329 99.92250061035156 52
1774265805333 99.89666748046875 53
1774265998602 99.89666748046875 54
1774266194421 99.89666748046875 55
1774266389795 99.89666748046875 56
1774266584239 99.92250061035156 57
1774266779218 99.89666748046875 58
1774266972680 99.92250061035156 59
1774267168416 99.92250061035156 60
1774267363722 99.89666748046875 61
1774267559000 99.89666748046875 62
1774267754036 99.94833374023438 63
1774267947128 99.92250061035156 64
1774268143211 99.87083435058594 65
1774268338338 99.89666748046875 66
1774268534126 99.92250061035156 67
1774268728682 99.89666748046875 68
1774268921646 99.89666748046875 69
1774269116848 99.87083435058594 70
1774269311717 99.89666748046875 71
1774269507725 99.89666748046875 72
1774269701859 99.87083435058594 73
1774269894819 99.92250061035156 74
1774270089251 99.92250061035156 75
1774270285449 99.92250061035156 76
1774270481296 99.89666748046875 77
1774270675613 99.92250061035156 78
1774270869288 99.89666748046875 79
1774271063986 99.94833374023438 80
1774271260298 99.92250061035156 81
1774271455202 99.92250061035156 82
1774271651159 99.92250061035156 83
1774271844096 99.92250061035156 84
1774272039017 99.89666748046875 85
1774272235192 99.92250061035156 86
1774272429895 99.89666748046875 87
1774272625775 99.94833374023438 88
1774272817713 99.92250061035156 89
1774273013783 99.92250061035156 90
1774273209295 99.87083435058594 91
1774273404473 99.92250061035156 92
1774273600648 99.89666748046875 93
1774273792566 99.94833374023438 94
1774273988774 99.92250061035156 95
1774274183222 99.97416687011719 96
1774274378849 99.89666748046875 97
1774274574244 99.92250061035156 98
1774274766667 99.97416687011719 99
1774274962781 99.94833374023438 100
1774275157830 99.92250061035156 101
1774275353976 99.92250061035156 102
1774275548863 99.94833374023438 103
1774275741645 99.97416687011719 104
1774275936989 99.92250061035156 105
1774276132180 99.89666748046875 106
1774276327785 99.92250061035156 107
1774276523837 99.92250061035156 108
1774276717281 99.92250061035156 109
1774276912465 99.92250061035156 110
1774277108491 99.89666748046875 111
1774277304472 99.89666748046875 112
1774277500180 99.89666748046875 113
1774277693250 99.92250061035156 114
1774277888787 99.89666748046875 115
1774278083892 99.89666748046875 116
1774278279927 99.89666748046875 117
1774278475402 99.89666748046875 118
1774278668291 99.92250061035156 119
1774278863772 99.94833374023438 120
1774279059541 99.89666748046875 121
1774279254929 99.89666748046875 122
1774279449856 99.92250061035156 123
1774279643522 99.92250061035156 124
1774279838793 99.92250061035156 125
1774280034680 99.89666748046875 126
1774280230305 99.92250061035156 127
1774280426123 99.92250061035156 128
1774280618801 99.89666748046875 129
1774280813365 99.92250061035156 130
1774281009618 99.89666748046875 131
1774281203955 99.92250061035156 132
1774281399822 99.89666748046875 133
1774281592667 99.94833374023438 134
1774281788114 99.92250061035156 135
1774281983507 99.87083435058594 136
1774282178388 99.89666748046875 137
1774282375343 99.87083435058594 138
1774282567485 99.89666748046875 139
1774282715713 99.89666748046875 140
1774282862572 99.94833374023438 141
1774283010439 99.92250061035156 142
1774283158559 99.89666748046875 143
1774283305182 99.89666748046875 144
1774283453305 99.94833374023438 145
1774283599886 99.89666748046875 146
1774283748029 99.87083435058594 147
1774283894592 99.89666748046875 148
1774284042075 99.92250061035156 149
1774284189869 99.92250061035156 150
1774284337499 99.94833374023438 151
1774284485980 99.92250061035156 152
1774284632627 99.89666748046875 153
1774284780964 99.92250061035156 154
1774284927833 99.94833374023438 155
1774285075437 99.89666748046875 156
1774285222818 99.94833374023438 157
1774285370199 99.92250061035156 158
1774285517461 99.89666748046875 159
1774285664980 99.89666748046875 160
1774285812224 99.92250061035156 161
1774285960298 99.92250061035156 162
1774286107725 99.92250061035156 163
1774286255280 99.87083435058594 164
1774286402505 99.89666748046875 165
1774286549782 99.92250061035156 166
1774286697487 99.89666748046875 167
1774286843657 99.89666748046875 168
1774286992441 99.92250061035156 169
1774287140213 99.89666748046875 170
1774287287679 99.89666748046875 171
1774287435098 99.92250061035156 172
1774287581805 99.89666748046875 173
1774287729972 99.92250061035156 174
1774287876430 99.89666748046875 175
1774288024662 99.89666748046875 176
1774288171527 99.92250061035156 177
1774288319701 99.92250061035156 178
1774288467194 99.94833374023438 179
1774288613836 99.89666748046875 180
1774288762143 99.92250061035156 181
1774288908616 99.89666748046875 182
1774289056749 99.89666748046875 183
1774289203275 99.94833374023438 184
1774289350785 99.92250061035156 185
1774289498046 99.92250061035156 186
1774289645100 99.89666748046875 187
1774289792975 99.87083435058594 188
1774289939912 99.92250061035156 189
1774290087837 99.94833374023438 190
1774290234355 99.94833374023438 191
1774290381454 99.89666748046875 192
1774290528684 99.89666748046875 193
1774290675930 99.92250061035156 194
1774290823194 99.89666748046875 195
1774290970647 99.92250061035156 196
1774291118235 99.89666748046875 197
1774291265615 99.94833374023438 198
1774291412889 99.92250061035156 199
1774291560264 99.94833374023438 200
