1774255678004 65.53030395507812 0
1774255873531 85.2272720336914 0
1774256067179 89.01515197753906 0
1774256260926 94.69697570800781 0
1774256455397 94.69697570800781 0
1774256651638 94.69697570800781 0
1774256846039 96.21212768554688 0
1774257040747 97.3484878540039 0
1774257234851 97.3484878540039 0
1774257430028 97.3484878540039 0
1774257625338 97.3484878540039 0
1774257819993 97.3484878540039 0
1774258014459 97.3484878540039 0
1774258207599 97.3484878540039 0
1774258403654 97.3484878540039 0
1774258598159 98.10606384277344 0
1774258794002 98.10606384277344 0
1774258988296 98.10606384277344 0
1774259182052 98.10606384277344 0
1774259378809 98.10606384277344 0
1774259573804 98.10606384277344 0
1774259770015 98.48484802246094 0
1774259963550 98.48484802246094 0
1774260157895 98.48484802246094 0
1774260353323 98.48484802246094 0
1774260548339 98.48484802246094 0
1774260744670 98.48484802246094 0
1774260937716 98.86363983154297 0
1774261132868 98.86363983154297 0
1774261327563 98.86363983154297 0
1774261522858 98.86363983154297 0
1774261718178 98.86363983154297 0
1774261912343 98.86363983154297 0
1774262106802 98.86363983154297 0
1774262302523 98.86363983154297 0
1774262498722 98.86363983154297 0
1774262693339 98.86363983154297 0
1774262887709 98.86363983154297 0
1774263081827 98.86363983154297 0
1774263277268 98.86363983154297 0
1774263473016 98.86363983154297 0
1774263668220 98.86363983154297 0
1774263863304 98.86363983154297 0
1774264056010 98.86363983154297 0
1774264251039 98.86363983154297 0
1774264446638 98.86363983154297 0
1774264642225 98.86363983154297 0
1774264836701 98.86363983154297 0
1774265030210 98.86363983154297 0
1774265225407 98.86363983154297 0
1774265421095 98.86363983154297 0
1774265616767 98.86363983154297 0
1774265811606 98.86363983154297 0
1774266005061 98.86363983154297 0
1774266200816 98.86363983154297 0
1774266395978 98.86363983154297 0
1774266590320 98.86363983154297 0
1774266785583 98.86363983154297 0
1774266978725 98.86363983154297 0
1774267174515 98.86363983154297 0
1774267369998 98.86363983154297 0
1774267565774 98.86363983154297 0
1774267760864 98.86363983154297 0
1774267953198 98.86363983154297 0
1774268149917 98.86363983154297 0
1774268344523 98.86363983154297 0
1774268540386 98.86363983154297 0
1774268735109 98.86363983154297 0
1774268928080 98.86363983154297 0
1774269123341 98.86363983154297 0
1774269317854 98.86363983154297 0
1774269513948 98.86363983154297 0
1774269707840 98.86363983154297 0
1774269900896 98.86363983154297 0
1774270095903 98.86363983154297 0
1774270291981 98.86363983154297 0
1774270487544 98.86363983154297 0
1774270681781 98.86363983154297 0
1774270875657 98.86363983154297 0
1774271070299 98.86363983154297 0
1774271266862 98.86363983154297 0
1774271461488 98.86363983154297 0
1774271657225 98.86363983154297 0
1774271850378 98.86363983154297 0
1774272045294 98.86363983154297 0
1774272241598 98.86363983154297 0
1774272435901 98.86363983154297 0
1774272632064 98.86363983154297 0
1774272824346 98.86363983154297 0
1774273020141 98.86363983154297 0
1774273215398 98.86363983154297 0
1774273410650 98.86363983154297 0
1774273607047 98.86363983154297 0
1774273798893 98.86363983154297 0
1774273994867 98.86363983154297 0
1774274189814 98.86363983154297 0
1774274385123 98.86363983154297 0
1774274580322 98.86363983154297 0
1774274773226 98.86363983154297 0
1774274968952 98.86363983154297 0
1774275164059 98.86363983154297 0
1774275360502 98.86363983154297 0
1774275555115 98.86363983154297 0
1774275747810 98.86363983154297 0
1774275943002 98.86363983154297 0
1774276138479 98.86363983154297 0
1774276334662 98.86363983154297 0
1774276529989 98.86363983154297 0
1774276723508 98.86363983154297 0
1774276919222 98.86363983154297 0
1774277115168 98.86363983154297 0
1774277311043 98.86363983154297 0
1774277506610 98.86363983154297 0
1774277699543 98.86363983154297 0
1774277894924 98.86363983154297 0
1774278090196 98.86363983154297 0
1774278286110 98.86363983154297 0
1774278481711 98.86363983154297 0
1774278674463 98.86363983154297 0
1774278870208 98.86363983154297 0
1774279065757 98.86363983154297 0
1774279261217 98.86363983154297 0
1774279456119 98.86363983154297 0
1774279649852 98.86363983154297 0
1774279844901 98.86363983154297 0
1774280041068 98.86363983154297 0
1774280236810 98.86363983154297 0
1774280432186 98.86363983154297 0
1774280624920 98.86363983154297 0
1774280819752 98.86363983154297 0
1774281015741 98.86363983154297 0
1774281209990 98.86363983154297 0
1774281406325 98.86363983154297 0
1774281598905 98.86363983154297 0
1774281794300 98.86363983154297 0
1774281989733 98.86363983154297 0
1774282185016 98.86363983154297 0
1774282381389 98.86363983154297 0
1774282573372 98.86363983154297 0
1774282721608 98.86363983154297 0
1774282868441 98.86363983154297 0
1774283016554 98.86363983154297 0
1774283164605 98.86363983154297 0
1774283311059 98.86363983154297 0
1774283459206 98.86363983154297 0
1774283605663 98.86363983154297 0
1774283753854 98.86363983154297 0
1774283900498 98.86363983154297 0
1774284048155 98.86363983154297 0
1774284195982 98.86363983154297 0
1774284343613 98.86363983154297 0
1774284491873 98.86363983154297 0
1774284638881 98.86363983154297 0
1774284786540 98.86363983154297 0
1774284933874 98.86363983154297 0
1774285081283 98.86363983154297 0
1774285228813 98.86363983154297 0
1774285375992 98.86363983154297 0
1774285523376 98.86363983154297 0
1774285670730 98.86363983154297 0
1774285818643 98.86363983154297 0
1774285966161 98.86363983154297 0
1774286113705 98.86363983154297 0
1774286260885 98.86363983154297 0
1774286408343 98.86363983154297 0
1774286555590 98.86363983154297 0
1774286703023 98.86363983154297 0
1774286850099 98.86363983154297 0
1774286998844 98.86363983154297 0
1774287146077 98.86363983154297 0
1774287293641 98.86363983154297 0
1774287441091 98.86363983154297 0
1774287587588 98.86363983154297 0
1774287735723 98.86363983154297 0
1774287882315 98.86363983154297 0
1774288030782 98.86363983154297 0
1774288177463 98.86363983154297 0
1774288325272 98.86363983154297 0
1774288472943 98.86363983154297 0
1774288619806 98.86363983154297 0
1774288767910 98.86363983154297 0
1774288914342 98.86363983154297 0
1774289062497 98.86363983154297 0
1774289209077 98.86363983154297 0
1774289356495 98.86363983154297 0
1774289503647 98.86363983154297 0
1774289650600 98.86363983154297 0
1774289799079 98.86363983154297 0
1774289945554 98.86363983154297 0
1774290093413 98.86363983154297 0
1774290239999 98.86363983154297 0
1774290387173 98.86363983154297 0
1774290534453 98.86363983154297 0
1774290681605 98.86363983154297 0
1774290829176 98.86363983154297 0
1774290976335 98.86363983154297 0
1774291124045 98.86363983154297 0
1774291271416 98.86363983154297 0
1774291418724 98.86363983154297 0
1774291566074 98.86363983154297 0
