1774255668222 8.857714496697298 1
1774255867238 5.348852615145229 2
1774256060612 3.202194356314616 3
1774256254857 2.521842677783164 4
1774256449365 1.8460697510606838 5
1774256645312 1.4766142543073861 6
1774256839941 1.026777244956289 7
1774257034359 1.1973199076063459 8
1774257228170 0.8647153980299555 9
1774257423979 0.677220242252232 10
1774257619001 0.6199255238808045 11
1774257813452 0.5026693192455688 12
1774258008159 0.556132008063528 13
1774258201498 0.45267109919560344 14
1774258397605 0.44354955743539204 15
1774258591832 0.5596594310783723 16
1774258788006 0.3970801255603273 17
1774258981999 0.22127712949003103 18
1774259175693 0.17230041822458303 19
1774259372142 0.14145683371021345 20
1774259567028 0.14811210029125962 21
1774259763827 0.1142004765725301 22
1774259957067 0.15093495102304388 23
1774260151843 0.13985467022863585 24
1774260347160 0.08018824530933706 25
1774260542246 0.05496950738215349 26
1774260738428 0.05389255471002978 27
1774260931733 0.06134608584144191 28
1774261126791 0.05724259966919691 29
1774261321372 0.09908308914883866 30
1774261516607 0.04870069193707229 31
1774261711963 0.06857475261497238 32
1774261906176 0.05365759015728984 33
1774262100818 0.04518310170449961 34
1774262295622 0.05398060730119401 35
1774262492423 0.026751293688897036 36
1774262687040 0.04431843842918426 37
1774262881431 0.03437866588165419 38
1774263075174 0.031114185315243147 39
1774263271242 0.03977049216223332 40
1774263466651 0.029078267765914736 41
1774263662048 0.038170930560176855 42
1774263856763 0.022675500326051177 43
1774264050021 0.02009359076786029 44
1774264244983 0.013550436638315237 45
1774264440250 0.01973846914847461 46
1774264635966 0.013289375645562233 47
1774264830647 0.018343499943731585 48
1774265024103 0.02332992798611941 49
1774265219485 0.023951971438263227 50
1774265414805 0.018048599912464693 51
1774265610331 0.017613869136414485 52
1774265805335 0.022956277361140615 53
1774265998604 0.026398915874548092 54
1774266194423 0.009860868572118524 55
1774266389796 0.022168148244514328 56
1774266584241 0.017189775748864405 57
1774266779220 0.021099596208855986 58
1774266972682 0.016848405586573013 59
1774267168418 0.009603115798693239 60
1774267363725 0.01923491795285946 61
1774267559002 0.01186851347143027 62
1774267754037 0.006045284303441596 63
1774267947129 0.022953896207091217 64
1774268143213 0.022795975679787455 65
1774268338340 0.01791422723090331 66
1774268534128 0.0052866657897371275 67
1774268728684 0.019790142710674575 68
1774268921648 0.013479854204036692 69
1774269116850 0.020077687121582994 70
1774269311719 0.013824074435999072 71
1774269507727 0.029055241766966517 72
1774269701860 0.02324663718042934 73
1774269894822 0.02020742634395072 74
1774270089252 0.014602763920410792 75
1774270285450 0.017658531324599696 76
1774270481299 0.013966347651714285 77
1774270675614 0.01566263525961556 78
1774270869290 0.010881466232384545 79
1774271063988 0.016633784648258834 80
1774271260299 0.020460904138698832 81
1774271455204 0.006046185757385943 82
1774271651161 0.021698943981482626 83
1774271844099 0.004719981330298198 84
1774272039019 0.011456881687579329 85
1774272235194 0.01230598398586028 86
1774272429899 0.016087034049617567 87
1774272625777 0.010557512020067975 88
1774272817715 0.019050675873738692 89
1774273013786 0.02424443365365466 90
1774273209297 0.023953493514192632 91
1774273404475 0.010488512749434522 92
1774273600650 0.025915250222561928 93
1774273792569 0.016186598096192623 94
1774273988776 0.022769351641159678 95
1774274183225 0.005233061710859459 96
1774274378851 0.0077162904966982795 97
1774274574247 0.01418201416864166 98
1774274766669 0.004839931094366832 99
1774274962783 0.012123103355746404 100
1774275157832 0.014698099433017555 101
1774275353977 0.006758860469845625 102
1774275548865 0.010174771905635911 103
1774275741648 0.0036323727663867883 104
1774275936990 0.010959474233409051 105
1774276132181 0.011532477233349618 106
1774276327788 0.009072675000900735 107
1774276523840 0.008679635867072018 108
1774276717282 0.010524634376755979 109
1774276912466 0.023254246247662366 110
1774277108493 0.014624907560424815 111
1774277304473 0.018780248000765193 112
1774277500181 0.020913092884563757 113
1774277693252 0.013132417821640534 114
1774277888790 0.015943901416471517 115
1774278083895 0.025523125584508935 116
1774278279929 0.015945141672603667 117
1774278475404 0.013634942648573622 118
1774278668293 0.004412451031196322 119
1774278863773 0.00605869253301439 120
1774279059543 0.008437936299378083 121
1774279254932 0.012452276635851108 122
1774279449859 0.011347573917755767 123
1774279643523 0.019651545506819322 124
1774279838795 0.017597398571966245 125
1774280034682 0.019680135930305886 126
1774280230306 0.01433367906874853 127
1774280426124 0.01113640975621363 128
1774280618803 0.008010249249034112 129
1774280813367 0.01579212390311742 130
1774281009619 0.02743244857874246 131
1774281203957 0.008407898648545057 132
1774281399825 0.002371947494405308 133
1774281592668 0.005178671307888988 134
1774281788115 0.013370721627846936 135
1774281983509 0.037137557478252675 136
1774282178390 0.019024303589989303 137
1774282375344 0.0202307533820553 138
1774282567487 0.014435308874500265 139
1774282715715 0.02292092872452291 140
1774282862574 0.004500245612402183 141
1774283010440 0.008973039514829572 142
1774283158560 0.010836671863662373 143
1774283305183 0.009240676424713443 144
1774283453307 0.008740094290176522 145
1774283599888 0.014285092959259853 146
1774283748031 0.02254480827196531 147
1774283894593 0.023970703040231408 148
1774284042077 0.007198310759778586 149
1774284189871 0.011832784571614064 150
1774284337501 0.014161902417345502 151
1774284485982 0.004815992750862674 152
1774284632629 0.024308750493963447 153
1774284780966 0.009387760803972012 154
1774284927835 0.0050234069549929825 155
1774285075440 0.014707070754864672 156
1774285222819 0.012586768164981508 157
1774285370201 0.015340917626330306 158
1774285517464 0.014125190633443438 159
1774285664981 0.021374048868353267 160
1774285812227 0.018810229883976667 161
1774285960299 0.020300156792686885 162
1774286107727 0.009967655501457515 163
1774286255282 0.01701692997777958 164
1774286402507 0.01181170415112526 165
1774286549783 0.011548265029309047 166
1774286697488 0.02061253250191941 167
1774286843659 0.02445796008520855 168
1774286992443 0.00832192985492577 169
1774287140215 0.02764040935290377 170
1774287287680 0.01047412616346783 171
1774287435099 0.013457810096071186 172
1774287581807 0.021983212619897347 173
1774287729974 0.01841844540927761 174
1774287876432 0.013557256207346269 175
1774288024664 0.01567256161105863 176
1774288171530 0.0061874696511225345 177
1774288319702 0.016193770661503095 178
1774288467195 0.004365477768778984 179
1774288613838 0.020880160871085858 180
1774288762145 0.016298533221348645 181
1774288908617 0.011801031300394772 182
1774289056752 0.009828923183661792 183
1774289203277 0.014147818934973848 184
1774289350787 0.010460253596270713 185
1774289498049 0.009067586274517694 186
1774289645102 0.021680345930354963 187
1774289792976 0.03022781714269647 188
1774289939913 0.008089815851856917 189
1774290087839 0.006577392885993364 190
1774290234357 0.007258761589440454 191
1774290381456 0.012007273861995833 192
1774290528686 0.03503971806917656 193
1774290675932 0.01747224368581786 194
1774290823198 0.01592847251026826 195
1774290970649 0.02264404161182417 196
1774291118236 0.019221752631543368 197
1774291265617 0.00447382934351634 198
1774291412890 0.008011278203705764 199
1774291560266 0.010745163866260378 200
