1774255678131 0.001 1
1774255873680 0.001 2
1774256067377 0.001 3
1774256261115 0.001 4
1774256455399 0.001 5
1774256651640 0.001 6
1774256846296 0.001 7
1774257040968 0.001 8
1774257234852 0.001 9
1774257430030 0.001 10
1774257625340 0.001 11
1774257819994 0.001 12
1774258014462 0.001 13
1774258207600 0.001 14
1774258403655 0.001 15
1774258598339 0.001 16
1774258794003 0.0005 17
1774258988298 0.0005 18
1774259182053 0.0005 19
1774259378810 0.0005 20
1774259573806 0.0005 21
1774259770162 0.0005 22
1774259963552 0.00025 23
1774260157896 0.00025 24
1774260353325 0.00025 25
1774260548340 0.00025 26
1774260744672 0.00025 27
1774260937929 0.00025 28
1774261132870 0.000125 29
1774261327564 0.000125 30
1774261522860 0.000125 31
1774261718179 0.000125 32
1774261912345 0.000125 33
1774262106804 0.000125 34
1774262302525 6.25e-05 35
1774262498724 6.25e-05 36
1774262693340 6.25e-05 37
1774262887710 6.25e-05 38
1774263081828 6.25e-05 39
1774263277270 6.25e-05 40
1774263473018 3.125e-05 41
1774263668222 3.125e-05 42
1774263863305 3.125e-05 43
1774264056011 3.125e-05 44
1774264251040 3.125e-05 45
1774264446639 3.125e-05 46
1774264642227 1.5625e-05 47
1774264836702 1.5625e-05 48
1774265030211 1.5625e-05 49
1774265225408 1.5625e-05 50
1774265421096 1.5625e-05 51
1774265616769 1.5625e-05 52
1774265811608 7.8125e-06 53
1774266005064 7.8125e-06 54
1774266200817 7.8125e-06 55
1774266395979 7.8125e-06 56
1774266590321 7.8125e-06 57
1774266785585 7.8125e-06 58
1774266978726 3.90625e-06 59
1774267174517 3.90625e-06 60
1774267369999 3.90625e-06 61
1774267565775 3.90625e-06 62
1774267760865 3.90625e-06 63
1774267953199 3.90625e-06 64
1774268149919 1.953125e-06 65
1774268344525 1.953125e-06 66
1774268540387 1.953125e-06 67
1774268735111 1.953125e-06 68
1774268928082 1.953125e-06 69
1774269123342 1.953125e-06 70
1774269317855 9.765625e-07 71
1774269513949 9.765625e-07 72
1774269707841 9.765625e-07 73
1774269900897 9.765625e-07 74
1774270095905 9.765625e-07 75
1774270291982 9.765625e-07 76
1774270487545 4.8828125e-07 77
1774270681784 4.8828125e-07 78
1774270875658 4.8828125e-07 79
1774271070301 4.8828125e-07 80
1774271266864 4.8828125e-07 81
1774271461489 4.8828125e-07 82
1774271657226 2.44140625e-07 83
1774271850380 2.44140625e-07 84
1774272045296 2.44140625e-07 85
1774272241599 2.44140625e-07 86
1774272435903 2.44140625e-07 87
1774272632066 2.44140625e-07 88
1774272824347 1.220703125e-07 89
1774273020142 1.220703125e-07 90
1774273215399 1.220703125e-07 91
1774273410651 1.220703125e-07 92
1774273607049 1.220703125e-07 93
1774273798895 1.220703125e-07 94
1774273994869 6.103515625e-08 95
1774274189816 6.103515625e-08 96
1774274385125 6.103515625e-08 97
1774274580323 6.103515625e-08 98
1774274773227 6.103515625e-08 99
1774274968953 6.103515625e-08 100
1774275164062 3.0517578125e-08 101
1774275360503 3.0517578125e-08 102
1774275555117 3.0517578125e-08 103
1774275747812 3.0517578125e-08 104
1774275943003 3.0517578125e-08 105
1774276138480 3.0517578125e-08 106
1774276334663 1.52587890625e-08 107
1774276529990 1.52587890625e-08 108
1774276723509 1.52587890625e-08 109
1774276919223 1.52587890625e-08 110
1774277115170 1.52587890625e-08 111
1774277311044 1.52587890625e-08 112
1774277506611 1.52587890625e-08 113
1774277699544 1.52587890625e-08 114
1774277894926 1.52587890625e-08 115
1774278090198 1.52587890625e-08 116
1774278286112 1.52587890625e-08 117
1774278481712 1.52587890625e-08 118
1774278674474 1.52587890625e-08 119
1774278870210 1.52587890625e-08 120
1774279065758 1.52587890625e-08 121
1774279261219 1.52587890625e-08 122
1774279456120 1.52587890625e-08 123
1774279649854 1.52587890625e-08 124
1774279844902 1.52587890625e-08 125
1774280041069 1.52587890625e-08 126
1774280236812 1.52587890625e-08 127
1774280432188 1.52587890625e-08 128
1774280624922 1.52587890625e-08 129
1774280819753 1.52587890625e-08 130
1774281015743 1.52587890625e-08 131
1774281209991 1.52587890625e-08 132
1774281406327 1.52587890625e-08 133
1774281598907 1.52587890625e-08 134
1774281794301 1.52587890625e-08 135
1774281989734 1.52587890625e-08 136
1774282185018 1.52587890625e-08 137
1774282381390 1.52587890625e-08 138
1774282573373 1.52587890625e-08 139
1774282721609 1.52587890625e-08 140
1774282868442 1.52587890625e-08 141
1774283016556 1.52587890625e-08 142
1774283164606 1.52587890625e-08 143
1774283311060 1.52587890625e-08 144
1774283459207 1.52587890625e-08 145
1774283605664 1.52587890625e-08 146
1774283753855 1.52587890625e-08 147
1774283900500 1.52587890625e-08 148
1774284048157 1.52587890625e-08 149
1774284195984 1.52587890625e-08 150
1774284343614 1.52587890625e-08 151
1774284491875 1.52587890625e-08 152
1774284638882 1.52587890625e-08 153
1774284786541 1.52587890625e-08 154
1774284933876 1.52587890625e-08 155
1774285081285 1.52587890625e-08 156
1774285228815 1.52587890625e-08 157
1774285375993 1.52587890625e-08 158
1774285523378 1.52587890625e-08 159
1774285670732 1.52587890625e-08 160
1774285818644 1.52587890625e-08 161
1774285966163 1.52587890625e-08 162
1774286113707 1.52587890625e-08 163
1774286260887 1.52587890625e-08 164
1774286408345 1.52587890625e-08 165
1774286555591 1.52587890625e-08 166
1774286703025 1.52587890625e-08 167
1774286850101 1.52587890625e-08 168
1774286998846 1.52587890625e-08 169
1774287146079 1.52587890625e-08 170
1774287293643 1.52587890625e-08 171
1774287441092 1.52587890625e-08 172
1774287587590 1.52587890625e-08 173
1774287735724 1.52587890625e-08 174
1774287882316 1.52587890625e-08 175
1774288030784 1.52587890625e-08 176
1774288177464 1.52587890625e-08 177
1774288325274 1.52587890625e-08 178
1774288472945 1.52587890625e-08 179
1774288619808 1.52587890625e-08 180
1774288767911 1.52587890625e-08 181
1774288914343 1.52587890625e-08 182
1774289062499 1.52587890625e-08 183
1774289209078 1.52587890625e-08 184
1774289356496 1.52587890625e-08 185
1774289503649 1.52587890625e-08 186
1774289650602 1.52587890625e-08 187
1774289799080 1.52587890625e-08 188
1774289945556 1.52587890625e-08 189
1774290093414 1.52587890625e-08 190
1774290240001 1.52587890625e-08 191
1774290387175 1.52587890625e-08 192
1774290534454 1.52587890625e-08 193
1774290681607 1.52587890625e-08 194
1774290829177 1.52587890625e-08 195
1774290976336 1.52587890625e-08 196
1774291124047 1.52587890625e-08 197
1774291271418 1.52587890625e-08 198
1774291418726 1.52587890625e-08 199
1774291566076 1.52587890625e-08 200
