1774332612800 48.12710189819336 1
1774332672895 71.45440673828125 2
1774332731369 88.06510162353516 3
1774332789691 91.91423797607422 4
1774332848543 92.99922943115234 5
1774332907199 94.7558822631836 6
1774332966434 94.9625473022461 7
1774333024005 95.94420623779297 8
1774333082607 96.51253509521484 9
1774333140744 97.05502319335938 10
1774333199050 97.75251770019531 11
1774333258656 97.933349609375 12
1774333316855 98.91500854492188 13
1774333376249 99.17333984375 14
1774333435518 99.04417419433594 15
1774333494046 99.14750671386719 16
1774333551483 99.12167358398438 17
1774333611098 99.14750671386719 18
1774333670291 99.53500366210938 19
1774333728898 99.63833618164062 20
1774333788689 99.61250305175781 21
1774333847356 99.7933349609375 22
1774333905282 99.69000244140625 23
1774333963321 99.66416931152344 24
1774334024389 99.81916809082031 25
1774334083560 99.7933349609375 26
1774334141648 99.84500122070312 27
1774334200203 99.87083435058594 28
1774334258280 99.81916809082031 29
1774334317446 99.84500122070312 30
1774334375587 99.84500122070312 31
1774334432706 99.87083435058594 32
1774334491392 99.87083435058594 33
1774334549192 99.84500122070312 34
1774334606157 99.89666748046875 35
1774334663694 99.89666748046875 36
1774334721928 99.84500122070312 37
1774334779762 99.87083435058594 38
1774334837495 99.89666748046875 39
1774334895580 99.89666748046875 40
1774334953177 99.87083435058594 41
1774335010304 99.87083435058594 42
1774335071899 99.84500122070312 43
1774335129265 99.87083435058594 44
1774335188340 99.89666748046875 45
1774335247942 99.89666748046875 46
1774335306991 99.89666748046875 47
1774335365487 99.89666748046875 48
1774335425112 99.87083435058594 49
1774335485974 99.87083435058594 50
1774335545708 99.89666748046875 51
1774335603257 99.89666748046875 52
1774335661502 99.87083435058594 53
1774335721317 99.92250061035156 54
1774335783155 99.87083435058594 55
1774335844368 99.87083435058594 56
1774335903865 99.87083435058594 57
1774335961991 99.89666748046875 58
1774336019771 99.89666748046875 59
1774336079546 99.89666748046875 60
1774336142553 99.89666748046875 61
1774336201735 99.89666748046875 62
1774336262192 99.89666748046875 63
1774336320671 99.92250061035156 64
1774336378594 99.84500122070312 65
1774336438811 99.89666748046875 66
1774336498952 99.87083435058594 67
1774336558114 99.87083435058594 68
1774336616682 99.89666748046875 69
1774336675570 99.87083435058594 70
1774336734368 99.84500122070312 71
1774336793330 99.92250061035156 72
1774336851546 99.89666748046875 73
1774336909446 99.92250061035156 74
1774336970690 99.89666748046875 75
1774337029759 99.87083435058594 76
1774337089359 99.92250061035156 77
1774337147970 99.92250061035156 78
1774337206557 99.89666748046875 79
1774337265360 99.89666748046875 80
1774337326596 99.89666748046875 81
1774337386768 99.89666748046875 82
1774337447258 99.89666748046875 83
1774337505347 99.89666748046875 84
1774337565771 99.92250061035156 85
1774337625293 99.89666748046875 86
1774337683610 99.92250061035156 87
1774337742082 99.89666748046875 88
1774337801212 99.89666748046875 89
1774337860046 99.94833374023438 90
1774337919257 99.87083435058594 91
1774337976947 99.89666748046875 92
1774338035426 99.89666748046875 93
1774338094042 99.89666748046875 94
1774338154311 99.92250061035156 95
1774338218543 99.89666748046875 96
1774338281678 99.92250061035156 97
1774338342631 99.92250061035156 98
1774338404374 99.94833374023438 99
1774338465806 99.92250061035156 100
1774338528145 99.89666748046875 101
1774338589415 99.89666748046875 102
1774338649437 99.92250061035156 103
1774338712276 99.89666748046875 104
1774338771638 99.89666748046875 105
1774338831710 99.92250061035156 106
1774338895623 99.89666748046875 107
1774338958662 99.92250061035156 108
1774339018371 99.92250061035156 109
1774339076753 99.89666748046875 110
1774339135700 99.87083435058594 111
1774339195441 99.87083435058594 112
1774339254584 99.89666748046875 113
1774339313751 99.89666748046875 114
1774339371666 99.89666748046875 115
1774339430238 99.89666748046875 116
1774339488407 99.89666748046875 117
1774339548787 99.92250061035156 118
1774339608136 99.92250061035156 119
1774339666617 99.89666748046875 120
1774339730005 99.89666748046875 121
1774339788918 99.92250061035156 122
1774339851977 99.89666748046875 123
1774339910327 99.89666748046875 124
1774339969144 99.89666748046875 125
1774340030631 99.92250061035156 126
1774340093787 99.89666748046875 127
1774340152678 99.89666748046875 128
1774340211669 99.89666748046875 129
1774340270486 99.89666748046875 130
1774340331317 99.89666748046875 131
1774340392602 99.87083435058594 132
1774340452200 99.92250061035156 133
1774340511734 99.92250061035156 134
1774340571951 99.87083435058594 135
1774340632010 99.92250061035156 136
1774340691448 99.89666748046875 137
1774340751045 99.92250061035156 138
1774340811227 99.89666748046875 139
1774340871010 99.87083435058594 140
1774340931204 99.89666748046875 141
1774340990851 99.89666748046875 142
1774341049334 99.87083435058594 143
1774341114252 99.92250061035156 144
1774341173936 99.89666748046875 145
1774341233875 99.92250061035156 146
1774341295326 99.89666748046875 147
1774341362670 99.89666748046875 148
1774341428237 99.92250061035156 149
1774341489875 99.89666748046875 150
1774341549481 99.89666748046875 151
1774341608675 99.92250061035156 152
1774341668288 99.89666748046875 153
1774341727069 99.89666748046875 154
1774341787937 99.92250061035156 155
1774341846734 99.92250061035156 156
1774341909461 99.87083435058594 157
1774341968894 99.87083435058594 158
1774342029073 99.87083435058594 159
1774342087213 99.89666748046875 160
1774342146064 99.87083435058594 161
1774342205260 99.89666748046875 162
1774342266427 99.89666748046875 163
1774342325809 99.89666748046875 164
1774342388214 99.92250061035156 165
1774342448234 99.89666748046875 166
1774342512103 99.89666748046875 167
1774342572986 99.89666748046875 168
1774342634469 99.92250061035156 169
1774342699396 99.87083435058594 170
1774342758313 99.89666748046875 171
1774342816900 99.89666748046875 172
1774342877549 99.89666748046875 173
1774342938175 99.89666748046875 174
1774342999678 99.92250061035156 175
1774343058571 99.84500122070312 176
1774343118324 99.89666748046875 177
1774343177857 99.89666748046875 178
1774343235934 99.92250061035156 179
1774343294167 99.89666748046875 180
1774343352849 99.89666748046875 181
1774343410873 99.87083435058594 182
1774343468818 99.89666748046875 183
1774343526885 99.89666748046875 184
1774343584427 99.87083435058594 185
1774343650294 99.87083435058594 186
1774343715659 99.87083435058594 187
1774343773780 99.89666748046875 188
1774343835128 99.92250061035156 189
1774343894852 99.89666748046875 190
1774343955370 99.89666748046875 191
1774344017104 99.92250061035156 192
1774344076131 99.87083435058594 193
1774344135013 99.89666748046875 194
1774344193766 99.89666748046875 195
1774344252710 99.92250061035156 196
1774344312846 99.92250061035156 197
1774344371010 99.92250061035156 198
1774344431441 99.89666748046875 199
1774344491721 99.89666748046875 200
