1774332618607 66.28787994384766 0
1774332678632 92.04545593261719 0
1774332736961 92.04545593261719 0
1774332795514 95.83333587646484 0
1774332854040 95.83333587646484 0
1774332912732 95.83333587646484 0
1774332971893 95.83333587646484 0
1774333029514 95.83333587646484 0
1774333087949 96.59091186523438 0
1774333146723 96.59091186523438 0
1774333204408 96.59091186523438 0
1774333263983 96.59091186523438 0
1774333322102 96.59091186523438 0
1774333381952 97.7272720336914 0
1774333441077 97.7272720336914 0
1774333499341 97.7272720336914 0
1774333556857 97.7272720336914 0
1774333616482 97.7272720336914 0
1774333676368 97.7272720336914 0
1774333734289 97.7272720336914 0
1774333794219 97.7272720336914 0
1774333852830 97.7272720336914 0
1774333910958 97.7272720336914 0
1774333969065 97.7272720336914 0
1774334029920 97.7272720336914 0
1774334088881 97.7272720336914 0
1774334147246 97.7272720336914 0
1774334205855 97.7272720336914 0
1774334263877 98.10606384277344 0
1774334322779 98.10606384277344 0
1774334380902 98.10606384277344 0
1774334438189 98.10606384277344 0
1774334496834 98.10606384277344 0
1774334554499 98.10606384277344 0
1774334611754 98.10606384277344 0
1774334669326 98.10606384277344 0
1774334727561 98.10606384277344 0
1774334785174 98.10606384277344 0
1774334843026 98.10606384277344 0
1774334901220 98.10606384277344 0
1774334958557 98.10606384277344 0
1774335015681 98.10606384277344 0
1774335077226 98.10606384277344 0
1774335134584 98.10606384277344 0
1774335194153 98.10606384277344 0
1774335253508 98.10606384277344 0
1774335312364 98.10606384277344 0
1774335370982 98.10606384277344 0
1774335430496 98.10606384277344 0
1774335491226 98.10606384277344 0
1774335551074 98.10606384277344 0
1774335608693 98.10606384277344 0
1774335666773 98.10606384277344 0
1774335726631 98.10606384277344 0
1774335788800 98.10606384277344 0
1774335849881 98.10606384277344 0
1774335909575 98.10606384277344 0
1774335967297 98.10606384277344 0
1774336025073 98.10606384277344 0
1774336084848 98.10606384277344 0
1774336147920 98.10606384277344 0
1774336207348 98.10606384277344 0
1774336267676 98.10606384277344 0
1774336326032 98.10606384277344 0
1774336384286 98.10606384277344 0
1774336444591 98.10606384277344 0
1774336504350 98.10606384277344 0
1774336563801 98.10606384277344 0
1774336622332 98.10606384277344 0
1774336681638 98.10606384277344 0
1774336739933 98.10606384277344 0
1774336798812 98.10606384277344 0
1774336857133 98.10606384277344 0
1774336914801 98.10606384277344 0
1774336976362 98.10606384277344 0
1774337035566 98.10606384277344 0
1774337094922 98.10606384277344 0
1774337153672 98.10606384277344 0
1774337212333 98.10606384277344 0
1774337271117 98.10606384277344 0
1774337332469 98.10606384277344 0
1774337392573 98.10606384277344 0
1774337452638 98.10606384277344 0
1774337510860 98.10606384277344 0
1774337571918 98.10606384277344 0
1774337631080 98.10606384277344 0
1774337689270 98.10606384277344 0
1774337747733 98.10606384277344 0
1774337806848 98.10606384277344 0
1774337865650 98.10606384277344 0
1774337924685 98.10606384277344 0
1774337982300 98.10606384277344 0
1774338041056 98.10606384277344 0
1774338099613 98.10606384277344 0
1774338159818 98.10606384277344 0
1774338224344 98.10606384277344 0
1774338287166 98.10606384277344 0
1774338348224 98.10606384277344 0
1774338410170 98.10606384277344 0
1774338471663 98.10606384277344 0
1774338533756 98.10606384277344 0
1774338595015 98.10606384277344 0
1774338654930 98.10606384277344 0
1774338718192 98.10606384277344 0
1774338777310 98.10606384277344 0
1774338837272 98.10606384277344 0
1774338900904 98.10606384277344 0
1774338964650 98.10606384277344 0
1774339023981 98.10606384277344 0
1774339082557 98.10606384277344 0
1774339141541 98.10606384277344 0
1774339201466 98.10606384277344 0
1774339260443 98.10606384277344 0
1774339318997 98.10606384277344 0
1774339377301 98.10606384277344 0
1774339435761 98.10606384277344 0
1774339494022 98.10606384277344 0
1774339554752 98.10606384277344 0
1774339613785 98.10606384277344 0
1774339672738 98.10606384277344 0
1774339735819 98.10606384277344 0
1774339794444 98.10606384277344 0
1774339857547 98.10606384277344 0
1774339915798 98.10606384277344 0
1774339974935 98.10606384277344 0
1774340036544 98.10606384277344 0
1774340099360 98.10606384277344 0
1774340159095 98.10606384277344 0
1774340217229 98.10606384277344 0
1774340276049 98.10606384277344 0
1774340336883 98.10606384277344 0
1774340398514 98.10606384277344 0
1774340458098 98.10606384277344 0
1774340517746 98.10606384277344 0
1774340577822 98.10606384277344 0
1774340637994 98.10606384277344 0
1774340696734 98.10606384277344 0
1774340756434 98.10606384277344 0
1774340817225 98.10606384277344 0
1774340876614 98.10606384277344 0
1774340937065 98.10606384277344 0
1774340996717 98.10606384277344 0
1774341055075 98.10606384277344 0
1774341119760 98.10606384277344 0
1774341179732 98.10606384277344 0
1774341239968 98.10606384277344 0
1774341301259 98.10606384277344 0
1774341368432 98.10606384277344 0
1774341434379 98.10606384277344 0
1774341495459 98.10606384277344 0
1774341555267 98.10606384277344 0
1774341614324 98.10606384277344 0
1774341673791 98.10606384277344 0
1774341732749 98.10606384277344 0
1774341793780 98.10606384277344 0
1774341852352 98.10606384277344 0
1774341914886 98.10606384277344 0
1774341974520 98.10606384277344 0
1774342034535 98.10606384277344 0
1774342092600 98.10606384277344 0
1774342151652 98.10606384277344 0
1774342211080 98.10606384277344 0
1774342271878 98.10606384277344 0
1774342331640 98.10606384277344 0
1774342393844 98.10606384277344 0
1774342454190 98.10606384277344 0
1774342517685 98.10606384277344 0
1774342578558 98.10606384277344 0
1774342640249 98.10606384277344 0
1774342704893 98.10606384277344 0
1774342764073 98.10606384277344 0
1774342822788 98.10606384277344 0
1774342883419 98.10606384277344 0
1774342944288 98.10606384277344 0
1774343005173 98.10606384277344 0
1774343064371 98.10606384277344 0
1774343123974 98.10606384277344 0
1774343183453 98.10606384277344 0
1774343241288 98.10606384277344 0
1774343299987 98.10606384277344 0
1774343358642 98.10606384277344 0
1774343416607 98.10606384277344 0
1774343474496 98.10606384277344 0
1774343532491 98.10606384277344 0
1774343590278 98.10606384277344 0
1774343655739 98.10606384277344 0
1774343721306 98.10606384277344 0
1774343779447 98.10606384277344 0
1774343840807 98.10606384277344 0
1774343900984 98.10606384277344 0
1774343961172 98.10606384277344 0
1774344022952 98.10606384277344 0
1774344081813 98.10606384277344 0
1774344140757 98.10606384277344 0
1774344199649 98.10606384277344 0
1774344258772 98.10606384277344 0
1774344318439 98.10606384277344 0
1774344377105 98.10606384277344 0
1774344437011 98.10606384277344 0
1774344497388 98.10606384277344 0
