1774332612804 9.074844229286015 1
1774332672896 5.123482836285769 2
1774332731371 2.933896072120583 3
1774332789693 2.237920801478877 4
1774332848545 1.9319427320376796 5
1774332907201 1.4843831997515105 6
1774332966436 1.3374945969004746 7
1774333024007 1.0740744974599663 8
1774333082608 1.007027863673035 9
1774333140745 0.8382215888412504 10
1774333199052 0.6734382807866632 11
1774333258658 0.7104101555384044 12
1774333316857 0.33218598935969884 13
1774333376251 0.21714194931688408 14
1774333435519 0.316773208417221 15
1774333494047 0.26436612404499954 16
1774333551484 0.28111139768373894 17
1774333611099 0.2828759541909842 18
1774333670292 0.1639467517549108 19
1774333728900 0.13581363362061705 20
1774333788690 0.13245919440753634 21
1774333847358 0.09404979033631769 22
1774333905284 0.11852279742888462 23
1774333963323 0.10301475317270341 24
1774334024391 0.09062721278917407 25
1774334083562 0.08876269577995896 26
1774334141650 0.0630981324508956 27
1774334200206 0.06636112247966128 28
1774334258281 0.10441531672543847 29
1774334317448 0.044440775782450176 30
1774334375590 0.06336363378658877 31
1774334432708 0.07206362786106038 32
1774334491394 0.06155593963025429 33
1774334549194 0.07415298451020519 34
1774334606159 0.05099955480734895 35
1774334663696 0.06082531674931208 36
1774334721929 0.06065080342001086 37
1774334779763 0.04837087277609069 38
1774334837496 0.044044680481151996 39
1774334895581 0.05010176613037668 40
1774334953179 0.039837728104727285 41
1774335010305 0.046023442292854606 42
1774335071901 0.05053963785409199 43
1774335129267 0.04480098902527539 44
1774335188343 0.041425574131744615 45
1774335247944 0.03612701107178611 46
1774335306993 0.030218484163576857 47
1774335365488 0.03451586208386704 48
1774335425114 0.03536841757371189 49
1774335485976 0.03290812518507845 50
1774335545711 0.05299167428797222 51
1774335603259 0.04889214866357008 52
1774335661504 0.03830279652478563 53
1774335721318 0.037743608696557816 54
1774335783157 0.03390582058664338 55
1774335844369 0.030558491682464925 56
1774335903866 0.03553770842756233 57
1774335961993 0.048344983595295404 58
1774336019772 0.034449724040069504 59
1774336079548 0.03466005977678051 60
1774336142555 0.04792235698905721 61
1774336201738 0.041643032200431904 62
1774336262194 0.03682247699286538 63
1774336320672 0.03864220425078854 64
1774336378596 0.03186672375143128 65
1774336438813 0.03618059769509545 66
1774336498954 0.04682131717522857 67
1774336558115 0.037770589292265504 68
1774336616684 0.03170820872722179 69
1774336675571 0.030874637272611315 70
1774336734370 0.04859314107590562 71
1774336793332 0.025846683732503702 72
1774336851547 0.040321797025384534 73
1774336909447 0.027545205249831953 74
1774336970691 0.03105701407290078 75
1774337029761 0.043196919505768934 76
1774337089362 0.03967774707964627 77
1774337147971 0.02382622845413906 78
1774337206559 0.03496115905882477 79
1774337265361 0.031136439001657783 80
1774337326598 0.03974243705200582 81
1774337386770 0.03317496423962793 82
1774337447260 0.037564314525561575 83
1774337505348 0.02938640006078646 84
1774337565773 0.036218667503392386 85
1774337625294 0.029142960482444337 86
1774337683612 0.03662132255447624 87
1774337742083 0.0396366714161727 88
1774337801214 0.027286461221602016 89
1774337860049 0.0225169298976331 90
1774337919259 0.022080563180746707 91
1774337976948 0.0256677998390359 92
1774338035428 0.03753115675369173 93
1774338094044 0.03540018775665394 94
1774338154313 0.034392262950195616 95
1774338218545 0.03282879112239927 96
1774338281680 0.03125003700368405 97
1774338342633 0.036830602170126424 98
1774338404375 0.027635323098691985 99
1774338465807 0.02497780929627257 100
1774338528147 0.03288094256191042 101
1774338589417 0.049346095615552574 102
1774338649439 0.031212604474378406 103
1774338712277 0.03546337798910202 104
1774338771639 0.03118958309361461 105
1774338831712 0.02870893973566688 106
1774338895625 0.02211456373773289 107
1774338958664 0.035458302491118275 108
1774339018374 0.030751420909755564 109
1774339076755 0.03438513708625444 110
1774339135702 0.053936422341299375 111
1774339195443 0.03200375132286454 112
1774339254586 0.03761752192854872 113
1774339313752 0.02803938918308622 114
1774339371668 0.03245767892002468 115
1774339430239 0.03567111545471651 116
1774339488409 0.038640057352917236 117
1774339548789 0.022235002770140625 118
1774339608138 0.028277999064416456 119
1774339666619 0.03322492144220933 120
1774339730008 0.033238385235436985 121
1774339788921 0.03242741462565363 122
1774339851978 0.025659603663904518 123
1774339910329 0.03494225943605875 124
1774339969146 0.03508282069177459 125
1774340030633 0.03946624095281304 126
1774340093789 0.025967050626242702 127
1774340152680 0.030344262977066473 128
1774340211671 0.034391319718681305 129
1774340270487 0.030237092955777183 130
1774340331318 0.03376554977236916 131
1774340392603 0.0333099970332802 132
1774340452202 0.019103699166883054 133
1774340511737 0.023905684100921108 134
1774340571953 0.04581415897475383 135
1774340632012 0.026400682785061393 136
1774340691449 0.03898505126098781 137
1774340751048 0.032340054682473834 138
1774340811231 0.03599921620102029 139
1774340871011 0.03244887279909776 140
1774340931205 0.04034209683356916 141
1774340990852 0.03120369869495261 142
1774341049335 0.03415176658096876 143
1774341114254 0.0318531471537847 144
1774341173937 0.035288977626155606 145
1774341233877 0.03074150052117664 146
1774341295328 0.035633367739638995 147
1774341362672 0.03521670636585251 148
1774341428239 0.03236310241545025 149
1774341489878 0.025459098250069225 150
1774341549483 0.030376724059051955 151
1774341608677 0.03337664918660742 152
1774341668289 0.02938123445529228 153
1774341727071 0.033747396558636206 154
1774341787939 0.029739103118437138 155
1774341846735 0.025624896908673925 156
1774341909463 0.03681634574640399 157
1774341968895 0.04449380619857763 158
1774342029075 0.033734797168459715 159
1774342087214 0.037720495863937685 160
1774342146067 0.041703532228758326 161
1774342205262 0.028691546853368895 162
1774342266429 0.027047958746971034 163
1774342325812 0.04067265158990028 164
1774342388215 0.025771205895853598 165
1774342448236 0.0236458984784964 166
1774342512105 0.03871448780324715 167
1774342572988 0.040592799579434166 168
1774342634472 0.031697496722995266 169
1774342699399 0.03563807015650539 170
1774342758315 0.03913826717304855 171
1774342816901 0.04210237110709327 172
1774342877551 0.025330296533104493 173
1774342938177 0.02125884477532216 174
1774342999679 0.033712669827854314 175
1774343058573 0.03663710557688349 176
1774343118326 0.04837943733700122 177
1774343177858 0.025445597081154524 178
1774343235936 0.04044555980964791 179
1774343294169 0.023882377553874772 180
1774343352850 0.04154468030447511 181
1774343410875 0.022863086312648318 182
1774343468820 0.023992234127971582 183
1774343526887 0.04123256655900254 184
1774343584429 0.040428945919323965 185
1774343650296 0.03457717336032798 186
1774343715660 0.03954464541126209 187
1774343773782 0.04063162991059612 188
1774343835130 0.024570530054196266 189
1774343894854 0.02853643394952464 190
1774343955373 0.041020218180926986 191
1774344017106 0.023489942619803146 192
1774344076132 0.04117700429005922 193
1774344135015 0.028783872389640783 194
1774344193768 0.03317758326257326 195
1774344252712 0.02067890550804038 196
1774344312848 0.017175517543221788 197
1774344371012 0.02540490786964755 198
1774344431444 0.031050328831124595 199
1774344491723 0.0372481515920509 200
