1774332618724 0.001 1
1774332678820 0.001 2
1774332736963 0.001 3
1774332795784 0.001 4
1774332854042 0.001 5
1774332912734 0.001 6
1774332971895 0.001 7
1774333029516 0.001 8
1774333088147 0.001 9
1774333146725 0.001 10
1774333204411 0.001 11
1774333263985 0.0005 12
1774333322104 0.0005 13
1774333382201 0.0005 14
1774333441079 0.0005 15
1774333499342 0.0005 16
1774333556859 0.0005 17
1774333616485 0.00025 18
1774333676369 0.00025 19
1774333734290 0.00025 20
1774333794221 0.00025 21
1774333852832 0.00025 22
1774333910960 0.00025 23
1774333969067 0.000125 24
1774334029922 0.000125 25
1774334088883 0.000125 26
1774334147248 0.000125 27
1774334205857 0.000125 28
1774334264137 0.000125 29
1774334322782 6.25e-05 30
1774334380903 6.25e-05 31
1774334438191 6.25e-05 32
1774334496836 6.25e-05 33
1774334554501 6.25e-05 34
1774334611756 6.25e-05 35
1774334669328 3.125e-05 36
1774334727563 3.125e-05 37
1774334785176 3.125e-05 38
1774334843028 3.125e-05 39
1774334901223 3.125e-05 40
1774334958559 3.125e-05 41
1774335015684 1.5625e-05 42
1774335077228 1.5625e-05 43
1774335134586 1.5625e-05 44
1774335194155 1.5625e-05 45
1774335253510 1.5625e-05 46
1774335312366 1.5625e-05 47
1774335370984 7.8125e-06 48
1774335430499 7.8125e-06 49
1774335491228 7.8125e-06 50
1774335551076 7.8125e-06 51
1774335608695 7.8125e-06 52
1774335666774 7.8125e-06 53
1774335726633 3.90625e-06 54
1774335788802 3.90625e-06 55
1774335849883 3.90625e-06 56
1774335909577 3.90625e-06 57
1774335967298 3.90625e-06 58
1774336025075 3.90625e-06 59
1774336084850 1.953125e-06 60
1774336147921 1.953125e-06 61
1774336207350 1.953125e-06 62
1774336267678 1.953125e-06 63
1774336326034 1.953125e-06 64
1774336384288 1.953125e-06 65
1774336444594 9.765625e-07 66
1774336504352 9.765625e-07 67
1774336563803 9.765625e-07 68
1774336622334 9.765625e-07 69
1774336681640 9.765625e-07 70
1774336739934 9.765625e-07 71
1774336798813 4.8828125e-07 72
1774336857135 4.8828125e-07 73
1774336914803 4.8828125e-07 74
1774336976364 4.8828125e-07 75
1774337035568 4.8828125e-07 76
1774337094923 4.8828125e-07 77
1774337153674 2.44140625e-07 78
1774337212335 2.44140625e-07 79
1774337271119 2.44140625e-07 80
1774337332471 2.44140625e-07 81
1774337392575 2.44140625e-07 82
1774337452640 2.44140625e-07 83
1774337510862 1.220703125e-07 84
1774337571920 1.220703125e-07 85
1774337631082 1.220703125e-07 86
1774337689272 1.220703125e-07 87
1774337747735 1.220703125e-07 88
1774337806850 1.220703125e-07 89
1774337865652 6.103515625e-08 90
1774337924686 6.103515625e-08 91
1774337982302 6.103515625e-08 92
1774338041058 6.103515625e-08 93
1774338099615 6.103515625e-08 94
1774338159820 6.103515625e-08 95
1774338224345 3.0517578125e-08 96
1774338287168 3.0517578125e-08 97
1774338348225 3.0517578125e-08 98
1774338410172 3.0517578125e-08 99
1774338471665 3.0517578125e-08 100
1774338533759 3.0517578125e-08 101
1774338595017 1.52587890625e-08 102
1774338654932 1.52587890625e-08 103
1774338718194 1.52587890625e-08 104
1774338777312 1.52587890625e-08 105
1774338837274 1.52587890625e-08 106
1774338900905 1.52587890625e-08 107
1774338964652 1.52587890625e-08 108
1774339023983 1.52587890625e-08 109
1774339082559 1.52587890625e-08 110
1774339141543 1.52587890625e-08 111
1774339201468 1.52587890625e-08 112
1774339260445 1.52587890625e-08 113
1774339318999 1.52587890625e-08 114
1774339377303 1.52587890625e-08 115
1774339435763 1.52587890625e-08 116
1774339494024 1.52587890625e-08 117
1774339554754 1.52587890625e-08 118
1774339613787 1.52587890625e-08 119
1774339672740 1.52587890625e-08 120
1774339735821 1.52587890625e-08 121
1774339794446 1.52587890625e-08 122
1774339857549 1.52587890625e-08 123
1774339915800 1.52587890625e-08 124
1774339974938 1.52587890625e-08 125
1774340036546 1.52587890625e-08 126
1774340099362 1.52587890625e-08 127
1774340159097 1.52587890625e-08 128
1774340217231 1.52587890625e-08 129
1774340276051 1.52587890625e-08 130
1774340336885 1.52587890625e-08 131
1774340398516 1.52587890625e-08 132
1774340458100 1.52587890625e-08 133
1774340517749 1.52587890625e-08 134
1774340577824 1.52587890625e-08 135
1774340637996 1.52587890625e-08 136
1774340696736 1.52587890625e-08 137
1774340756435 1.52587890625e-08 138
1774340817226 1.52587890625e-08 139
1774340876615 1.52587890625e-08 140
1774340937067 1.52587890625e-08 141
1774340996719 1.52587890625e-08 142
1774341055077 1.52587890625e-08 143
1774341119762 1.52587890625e-08 144
1774341179734 1.52587890625e-08 145
1774341239970 1.52587890625e-08 146
1774341301261 1.52587890625e-08 147
1774341368434 1.52587890625e-08 148
1774341434381 1.52587890625e-08 149
1774341495461 1.52587890625e-08 150
1774341555269 1.52587890625e-08 151
1774341614325 1.52587890625e-08 152
1774341673793 1.52587890625e-08 153
1774341732751 1.52587890625e-08 154
1774341793782 1.52587890625e-08 155
1774341852354 1.52587890625e-08 156
1774341914888 1.52587890625e-08 157
1774341974522 1.52587890625e-08 158
1774342034537 1.52587890625e-08 159
1774342092602 1.52587890625e-08 160
1774342151654 1.52587890625e-08 161
1774342211082 1.52587890625e-08 162
1774342271880 1.52587890625e-08 163
1774342331642 1.52587890625e-08 164
1774342393846 1.52587890625e-08 165
1774342454192 1.52587890625e-08 166
1774342517686 1.52587890625e-08 167
1774342578560 1.52587890625e-08 168
1774342640252 1.52587890625e-08 169
1774342704895 1.52587890625e-08 170
1774342764076 1.52587890625e-08 171
1774342822790 1.52587890625e-08 172
1774342883422 1.52587890625e-08 173
1774342944290 1.52587890625e-08 174
1774343005174 1.52587890625e-08 175
1774343064373 1.52587890625e-08 176
1774343123976 1.52587890625e-08 177
1774343183455 1.52587890625e-08 178
1774343241290 1.52587890625e-08 179
1774343299989 1.52587890625e-08 180
1774343358644 1.52587890625e-08 181
1774343416610 1.52587890625e-08 182
1774343474498 1.52587890625e-08 183
1774343532493 1.52587890625e-08 184
1774343590280 1.52587890625e-08 185
1774343655741 1.52587890625e-08 186
1774343721308 1.52587890625e-08 187
1774343779449 1.52587890625e-08 188
1774343840809 1.52587890625e-08 189
1774343900985 1.52587890625e-08 190
1774343961173 1.52587890625e-08 191
1774344022953 1.52587890625e-08 192
1774344081815 1.52587890625e-08 193
1774344140760 1.52587890625e-08 194
1774344199651 1.52587890625e-08 195
1774344258775 1.52587890625e-08 196
1774344318441 1.52587890625e-08 197
1774344377107 1.52587890625e-08 198
1774344437013 1.52587890625e-08 199
1774344497390 1.52587890625e-08 200
