1774251516768 7.935999870300293 1
1774251850957 15.049999237060547 2
1774252187355 21.236000061035156 3
1774252521041 26.878000259399414 4
1774252857188 31.993999481201172 5
1774253190719 36.194000244140625 6
1774253526955 39.57999801635742 7
1774253817451 42.67399978637695 8
1774254111178 45.939998626708984 9
1774254444111 48.34000015258789 10
1774254779366 51.06399917602539 11
1774255114902 53.15399932861328 12
1774255447494 55.15399932861328 13
1774255881692 57.321998596191406 14
1774256322857 58.59599685668945 15
1774256767473 60.40999984741211 16
1774257208914 61.56399917602539 17
1774257652834 63.099998474121094 18
1774258094162 64.8499984741211 19
1774258538602 65.72799682617188 20
1774258982198 67.12999725341797 21
1774259425601 67.93599700927734 22
1774259869716 69.59600067138672 23
1774260312083 70.29999542236328 24
1774260756845 71.8479995727539 25
1774261198631 72.12999725341797 26
1774261643958 73.12799835205078 27
1774262086758 74.04999542236328 28
1774262530067 74.94200134277344 29
1774262972347 76.00399780273438 30
1774263418333 76.51599884033203 31
1774263861237 77.3499984741211 32
1774264304062 81.44999694824219 33
1774264749575 82.50599670410156 34
1774265192571 83.31599426269531 35
1774265635960 83.58200073242188 36
1774266078143 84.2760009765625 37
1774266523085 84.50199890136719 38
1774266964337 84.843994140625 39
1774267409022 87.11599731445312 40
1774267851169 87.60599517822266 41
1774268295103 88.07799530029297 42
1774268738306 88.23600006103516 43
1774269180624 88.31999969482422 44
1774269625280 88.70600128173828 45
1774270066581 89.86199951171875 46
1774270510684 89.86799621582031 47
1774270953123 90.00799560546875 48
1774271397528 90.15399932861328 49
1774271839833 90.447998046875 50
1774272284099 90.3479995727539 51
1774272726375 90.89799499511719 52
1774273170451 90.95199584960938 53
1774273614787 91.00399780273438 54
1774274056188 91.0219955444336 55
1774274501001 91.10199737548828 56
1774274943294 91.2760009765625 57
1774275386940 91.5979995727539 58
1774275829414 91.48799896240234 59
1774276274946 91.51799774169922 60
1774276717307 91.38399505615234 61
1774277160908 91.75199890136719 62
1774277604558 91.71399688720703 63
1774278048515 91.91799926757812 64
1774278492211 91.94200134277344 65
1774278934856 91.79999542236328 66
1774279380197 92.0 67
1774279821936 92.05999755859375 68
1774280266483 91.92599487304688 69
1774280709198 91.79399871826172 70
1774281153392 91.9679946899414 71
1774281595296 91.73600006103516 72
1774282040481 92.06399536132812 73
1774282485300 92.12999725341797 74
1774282837331 92.07999420166016 75
1774283167837 91.93199920654297 76
1774283499974 91.96199798583984 77
1774283831390 92.1780014038086 78
1774284163339 92.07799530029297 79
1774284493856 91.88999938964844 80
1774284824960 91.8740005493164 81
1774285157038 92.08399963378906 82
1774285489092 92.21199798583984 83
1774285818860 92.19999694824219 84
1774286150908 91.9939956665039 85
1774286483214 91.93199920654297 86
1774286814907 92.28799438476562 87
1774287144960 92.18599700927734 88
1774287476819 92.01799774169922 89
1774287809089 92.20199584960938 90
1774288140184 92.05199432373047 91
1774288471118 92.15799713134766 92
1774288803098 92.23999786376953 93
1774289134530 91.91799926757812 94
1774289466558 91.89399719238281 95
1774289797680 92.22200012207031 96
1774290128877 92.16799926757812 97
1774290461198 91.9739990234375 98
1774290793537 92.23400115966797 99
1774291123583 92.12799835205078 100
1774291455558 92.04000091552734 101
1774291715158 92.21199798583984 102
1774291938851 92.05599975585938 103
1774292161865 91.98999786376953 104
1774292385812 92.14999389648438 105
1774292609730 91.98199462890625 106
1774292832683 92.12999725341797 107
1774293056822 92.0739974975586 108
1774293280704 92.08799743652344 109
1774293503464 92.05799865722656 110
1774293727432 91.9739990234375 111
1774293951358 92.18199920654297 112
1774294174609 92.06999969482422 113
1774294398524 92.2459945678711 114
1774294622680 92.04199981689453 115
1774294846534 92.19400024414062 116
1774295069463 92.1240005493164 117
1774295293124 92.00199890136719 118
1774295516829 92.1719970703125 119
1774295739544 92.04199981689453 120
1774295963255 92.25 121
1774296187104 92.24800109863281 122
1774296409880 92.20800018310547 123
1774296633830 92.19999694824219 124
1774296857812 92.28599548339844 125
1774297080881 92.21599578857422 126
1774297304280 92.16799926757812 127
1774297527678 92.10799407958984 128
1774297750916 92.1719970703125 129
1774297973540 92.31800079345703 130
1774298196915 92.11399841308594 131
1774298420295 92.04399871826172 132
1774298642684 92.27799987792969 133
1774298866092 92.01799774169922 134
1774299089434 91.97599792480469 135
1774299311685 91.98400115966797 136
1774299535057 92.19200134277344 137
1774299758432 92.23400115966797 138
1774299980933 92.0979995727539 139
1774300203986 92.21199798583984 140
1774300427376 91.9959945678711 141
1774300650760 92.18999481201172 142
1774300873212 92.19999694824219 143
1774301096575 92.0979995727539 144
1774301319718 92.17399597167969 145
1774301542028 91.97999572753906 146
1774301765480 92.18799591064453 147
1774301988941 91.95199584960938 148
1774302211282 92.25999450683594 149
1774302434151 92.11599731445312 150
1774302657359 92.05199432373047 151
1774302879998 92.04399871826172 152
1774303103058 92.07999420166016 153
1774303326473 92.01799774169922 154
1774303549977 92.15799713134766 155
1774303772657 92.05799865722656 156
1774303995896 92.29199981689453 157
1774304219127 92.1240005493164 158
1774304441433 92.28599548339844 159
1774304664683 91.98799896240234 160
1774304887764 92.05599975585938 161
1774305014681 92.08999633789062 162
1774305120232 92.12199401855469 163
1774305225815 92.17599487304688 164
1774305331438 92.08799743652344 165
1774305436997 92.20600128173828 166
1774305542603 92.21399688720703 167
1774305648156 92.01799774169922 168
1774305753693 92.0199966430664 169
1774305859261 91.97599792480469 170
1774305964856 92.16400146484375 171
1774306070365 92.14799499511719 172
1774306175907 92.07999420166016 173
1774306281443 92.11199951171875 174
1774306386913 92.08999633789062 175
1774306492508 92.1259994506836 176
1774306598054 91.93599700927734 177
1774306703622 92.18000030517578 178
1774306809245 92.0739974975586 179
1774306914839 92.20600128173828 180
1774307020356 92.1199951171875 181
1774307125914 91.93000030517578 182
1774307231520 92.29000091552734 183
1774307337111 92.197998046875 184
1774307442751 92.21599578857422 185
1774307548369 92.14999389648438 186
1774307653938 92.16600036621094 187
1774307759579 92.2719955444336 188
1774307865130 92.3219985961914 189
1774307970642 92.02999877929688 190
1774308076138 91.94999694824219 191
1774308181766 92.39599609375 192
1774308287348 92.17399597167969 193
1774308393020 91.86599731445312 194
1774308498677 92.19200134277344 195
1774308604245 92.00199890136719 196
1774308709760 92.29399871826172 197
1774308815380 92.06599426269531 198
1774308920845 92.14999389648438 199
1774309026309 92.16999816894531 200
