1774251543337 13.75999927520752 0
1774251878311 20.639999389648438 0
1774252214692 25.959999084472656 0
1774252548227 32.869998931884766 0
1774252884512 37.20000076293945 0
1774253218007 39.80999755859375 0
1774253554290 43.78999710083008 0
1774253835411 46.5 0
1774254138387 48.25 0
1774254470263 51.849998474121094 0
1774254806736 51.849998474121094 0
1774255141567 53.16999816894531 0
1774255474966 55.5 0
1774255917936 55.6099967956543 0
1774256359136 57.09000015258789 0
1774256803445 58.38999938964844 0
1774257244169 59.18000030517578 0
1774257689001 59.18000030517578 0
1774258129561 60.599998474121094 0
1774258574878 61.25 0
1774259017091 61.38999938964844 0
1774259461577 61.38999938964844 0
1774259905555 62.689998626708984 0
1774260348062 63.62999725341797 0
1774260793149 63.62999725341797 0
1774261234984 63.88999938964844 0
1774261680284 64.12999725341797 0
1774262122410 64.12999725341797 0
1774262566315 64.68000030517578 0
1774263008753 65.33999633789062 0
1774263454757 65.33999633789062 0
1774263895986 65.40999603271484 0
1774264340326 67.62999725341797 0
1774264786008 68.40999603271484 0
1774265227591 68.40999603271484 0
1774265672359 68.40999603271484 0
1774266114504 68.40999603271484 0
1774266559253 68.40999603271484 0
1774266999989 68.40999603271484 0
1774267445263 69.25 0
1774267887100 69.25 0
1774268331271 69.25 0
1774268773782 69.25 0
1774269216921 69.25 0
1774269661134 69.25 0
1774270101896 69.31999969482422 0
1774270547027 69.75 0
1774270988726 69.93000030517578 0
1774271433831 69.93000030517578 0
1774271875360 69.93000030517578 0
1774272320238 69.93000030517578 0
1774272761960 69.93000030517578 0
1774273206841 69.93000030517578 0
1774273650378 69.93000030517578 0
1774274092424 69.93000030517578 0
1774274537310 69.93000030517578 0
1774274978802 69.93000030517578 0
1774275423008 69.94999694824219 0
1774275865715 70.08999633789062 0
1774276311246 70.08999633789062 0
1774276752121 70.08999633789062 0
1774277197162 70.08999633789062 0
1774277640108 70.08999633789062 0
1774278084312 70.08999633789062 0
1774278528175 70.08999633789062 0
1774278971277 70.08999633789062 0
1774279416456 70.08999633789062 0
1774279857603 70.08999633789062 0
1774280302793 70.08999633789062 0
1774280745442 70.08999633789062 0
1774281189685 70.1500015258789 0
1774281631376 70.16999816894531 0
1774282076949 70.16999816894531 0
1774282520459 70.16999816894531 0
1774282863804 70.16999816894531 0
1774283194887 70.16999816894531 0
1774283526404 70.16999816894531 0
1774283858469 70.16999816894531 0
1774284190229 70.16999816894531 0
1774284520821 70.16999816894531 0
1774284852068 70.16999816894531 0
1774285184122 70.16999816894531 0
1774285516132 70.31999969482422 0
1774285845910 70.31999969482422 0
1774286178015 70.31999969482422 0
1774286510306 70.31999969482422 0
1774286841702 70.31999969482422 0
1774287171840 70.31999969482422 0
1774287503930 70.31999969482422 0
1774287835303 70.31999969482422 0
1774288167244 70.31999969482422 0
1774288497962 70.31999969482422 0
1774288829921 70.31999969482422 0
1774289161641 70.31999969482422 0
1774289493606 70.31999969482422 0
1774289824503 70.31999969482422 0
1774290155957 70.31999969482422 0
1774290488295 70.31999969482422 0
1774290820613 70.31999969482422 0
1774291150403 70.31999969482422 0
1774291482650 70.31999969482422 0
1774291733142 70.31999969482422 0
1774291956006 70.31999969482422 0
1774292179872 70.31999969482422 0
1774292403807 70.31999969482422 0
1774292627237 70.31999969482422 0
1774292850669 70.31999969482422 0
1774293074806 70.31999969482422 0
1774293298699 70.31999969482422 0
1774293521452 70.31999969482422 0
1774293745429 70.31999969482422 0
1774293969331 70.31999969482422 0
1774294192379 70.31999969482422 0
1774294416484 70.31999969482422 0
1774294640671 70.31999969482422 0
1774294863747 70.31999969482422 0
1774295087469 70.31999969482422 0
1774295311093 70.31999969482422 0
1774295534372 70.31999969482422 0
1774295757532 70.31999969482422 0
1774295981255 70.31999969482422 0
1774296205112 70.31999969482422 0
1774296427877 70.31999969482422 0
1774296651824 70.31999969482422 0
1774296875813 70.31999969482422 0
1774297098823 70.31999969482422 0
1774297322184 70.31999969482422 0
1774297545583 70.31999969482422 0
1774297767996 70.31999969482422 0
1774297991427 70.31999969482422 0
1774298214789 70.31999969482422 0
1774298437733 70.31999969482422 0
1774298660592 70.31999969482422 0
1774298883982 70.31999969482422 0
1774299107326 70.31999969482422 0
1774299329583 70.31999969482422 0
1774299552929 70.31999969482422 0
1774299776337 70.31999969482422 0
1774299998518 70.31999969482422 0
1774300221874 70.31999969482422 0
1774300445250 70.31999969482422 0
1774300667814 70.31999969482422 0
1774300891109 70.31999969482422 0
1774301114449 70.31999969482422 0
1774301337203 70.31999969482422 0
1774301559929 70.31999969482422 0
1774301783416 70.31999969482422 0
1774302006869 70.31999969482422 0
1774302229160 70.31999969482422 0
1774302452055 70.31999969482422 0
1774302675251 70.31999969482422 0
1774302897559 70.31999969482422 0
1774303120958 70.31999969482422 0
1774303344420 70.31999969482422 0
1774303566875 70.33000183105469 0
1774303790536 70.33000183105469 0
1774304013745 70.33000183105469 0
1774304236631 70.3499984741211 0
1774304459324 70.3499984741211 0
1774304682601 70.3499984741211 0
1774304905641 70.3499984741211 0
1774305023103 70.3499984741211 0
1774305128668 70.3499984741211 0
1774305234286 70.3499984741211 0
1774305339861 70.3499984741211 0
1774305445486 70.3499984741211 0
1774305551023 70.3499984741211 0
1774305656591 70.3499984741211 0
1774305762138 70.3499984741211 0
1774305867699 70.3499984741211 0
1774305973301 70.3499984741211 0
1774306078780 70.3499984741211 0
1774306184336 70.3499984741211 0
1774306289851 70.3499984741211 0
1774306395372 70.3499984741211 0
1774306500934 70.3499984741211 0
1774306606498 70.3499984741211 0
1774306712087 70.3499984741211 0
1774306817677 70.3499984741211 0
1774306923263 70.3499984741211 0
1774307028817 70.3499984741211 0
1774307134363 70.3499984741211 0
1774307239942 70.3499984741211 0
1774307345602 70.3499984741211 0
1774307451205 70.3499984741211 0
1774307556829 70.3499984741211 0
1774307662466 70.3499984741211 0
1774307768020 70.3499984741211 0
1774307873571 70.3499984741211 0
1774307979067 70.3499984741211 0
1774308084574 70.3499984741211 0
1774308190180 70.3499984741211 0
1774308295906 70.3499984741211 0
1774308401550 70.3499984741211 0
1774308507130 70.3499984741211 0
1774308612670 70.3499984741211 0
1774308718197 70.3499984741211 0
1774308823806 70.3499984741211 0
1774308929271 70.3499984741211 0
1774309034732 70.3499984741211 0
