1774251516770 8.45940077545166 1
1774251850960 8.459252357025147 2
1774252187357 8.133507260742187 3
1774252521044 7.716735880126953 4
1774252857191 7.3122770448303225 5
1774253190722 6.926337770996094 6
1774253526958 6.58192778793335 7
1774253817455 6.260372372741699 8
1774254111181 5.89834688293457 9
1774254444114 5.609078851318359 10
1774254779370 5.303249981994629 11
1774255114906 5.08469393951416 12
1774255447497 4.790793847961425 13
1774255881694 4.587777053070068 14
1774256322860 4.400399867095947 15
1774256767476 4.162567218780517 16
1774257208916 4.054133252563476 17
1774257652836 3.8304522410583495 18
1774258094163 3.6814032609558107 19
1774258538604 3.5311390798950195 20
1774258982202 3.3796142012786867 21
1774259425605 3.263109716720581 22
1774259869719 3.0828442276000976 23
1774260312086 3.0105206504821775 24
1774260756849 2.8650843737030027 25
1774261198634 2.798050616149902 26
1774261643961 2.6663337619781493 27
1774262086761 2.552429467010498 28
1774262530071 2.4753634782409666 29
1774262972348 2.3770535721588133 30
1774263418335 2.3084200954437257 31
1774263861241 2.22406453704834 32
1774264304064 1.7298353746795654 33
1774264749578 1.6027513607025146 34
1774265192574 1.5155719772338867 35
1774265635963 1.497218634223938 36
1774266078146 1.450860175228119 37
1774266523088 1.4150239069747925 38
1774266964340 1.3540867319107055 39
1774267409025 1.1395043474960327 40
1774267851172 1.0893849927520751 41
1774268295105 1.0761072060585022 42
1774268738309 1.0499868580245972 43
1774269180626 1.0227413671875 44
1774269625283 1.0038231573867797 45
1774270066584 0.8808412121582031 46
1774270510687 0.8709362628555298 47
1774270953125 0.871108042678833 48
1774271397530 0.8765033013153076 49
1774271839835 0.8475841114807129 50
1774272284102 0.8464936307525635 51
1774272726378 0.806755078716278 52
1774273170454 0.7929353535747528 53
1774273614790 0.7924232447147369 54
1774274056190 0.7970046503639221 55
1774274501004 0.7774008524131775 56
1774274943297 0.7719128496932983 57
1774275386942 0.7207360896587371 58
1774275829417 0.7562441505622863 59
1774276274949 0.7476454265022278 60
1774276717309 0.7456433061408997 61
1774277160911 0.7346106630516053 62
1774277604560 0.7227311936950683 63
1774278048518 0.7252484926605225 64
1774278492214 0.6881182753181457 65
1774278934859 0.7105137265491486 66
1774279380199 0.711059150838852 67
1774279821939 0.6996926596641541 68
1774280266486 0.7187575477981567 69
1774280709201 0.7138101632118226 70
1774281153395 0.7150063877487183 71
1774281595300 0.7248049212908745 72
1774282040484 0.6973328125 73
1774282485303 0.6887787912178039 74
1774282837334 0.706776560382843 75
1774283167839 0.7152582632827759 76
1774283499977 0.6981313504981994 77
1774283831393 0.6641589013671875 78
1774284163340 0.6912684547042847 79
1774284493859 0.7272537028789521 80
1774284824962 0.7017977168464661 81
1774285157042 0.7012574773406982 82
1774285489095 0.6881712580299377 83
1774285818864 0.6790032144355774 84
1774286150911 0.7078050114822387 85
1774286483217 0.7058242583656311 86
1774286814910 0.678220577659607 87
1774287144962 0.6811316123771668 88
1774287476822 0.6818225560569763 89
1774287809092 0.6855027108955384 90
1774288140186 0.6830925561428071 91
1774288471122 0.6879844536495209 92
1774288803101 0.6822020300531387 93
1774289134534 0.7065803184318542 94
1774289466561 0.6947050987625122 95
1774289797684 0.6980278739738465 96
1774290128881 0.695931265668869 97
1774290461201 0.6950451690673828 98
1774290793541 0.6846839904403687 99
1774291123586 0.7160591370344161 100
1774291455561 0.6986285856628418 101
1774291715161 0.6826724971485137 102
1774291938854 0.6795766480112075 103
1774292161869 0.6858232274436951 104
1774292385815 0.6877054520988465 105
1774292609733 0.6899834771919251 106
1774292832687 0.6859976965713501 107
1774293056826 0.6805329598236084 108
1774293280707 0.6697105124664307 109
1774293503466 0.6823546615076065 110
1774293727435 0.714238509273529 111
1774293951362 0.6780307354927063 112
1774294174611 0.6942015412712097 113
1774294398526 0.6802655239987373 114
1774294622683 0.7003939639472961 115
1774294846537 0.6838026397323609 116
1774295069466 0.6965889678955078 117
1774295293126 0.6924681289768219 118
1774295516832 0.6825353140926361 119
1774295739547 0.6957623868179321 120
1774295963259 0.704617174835205 121
1774296187107 0.6933586852312088 122
1774296409884 0.6933290420722962 123
1774296633833 0.6946575969696045 124
1774296857816 0.6724086427688598 125
1774297080883 0.6823700101280212 126
1774297304284 0.6750339265727997 127
1774297527681 0.6819909026813507 128
1774297750918 0.6841682123947144 129
1774297973544 0.6951497920227051 130
1774298196916 0.6879173521232606 131
1774298420298 0.6971568927383422 132
1774298642688 0.6787082424736023 133
1774298866096 0.7094616240692139 134
1774299089436 0.7173925872421265 135
1774299311688 0.7077786435031891 136
1774299535061 0.689805653591156 137
1774299758434 0.672050493478775 138
1774299980936 0.6930016872024536 139
1774300203990 0.6971132549667358 140
1774300427380 0.707517580795288 141
1774300650764 0.6980468172836304 142
1774300873215 0.6852397681427002 143
1774301096579 0.6855188671684265 144
1774301319722 0.6845244124031067 145
1774301542031 0.7024002993774414 146
1774301765484 0.694087756304741 147
1774301988944 0.714253678855896 148
1774302211284 0.6783104904556274 149
1774302434154 0.6851089888143539 150
1774302657362 0.6955037116718292 151
1774302880002 0.7099034505653381 152
1774303103062 0.6863005104446411 153
1774303326477 0.7008910939598083 154
1774303549979 0.6828173506164551 155
1774303772660 0.6928472079277038 156
1774303995898 0.6919988011741638 157
1774304219131 0.687010284500122 158
1774304441436 0.6740720815277099 159
1774304664685 0.7037259376144409 160
1774304887768 0.6918243795776368 161
1774305014684 0.6972189964199066 162
1774305120234 0.7006540146446228 163
1774305225817 0.6635112057304382 164
1774305331440 0.6999266923713684 165
1774305436999 0.689189576997757 166
1774305542605 0.6967053839015961 167
1774305648159 0.683104413471222 168
1774305753695 0.6933956692314148 169
1774305859263 0.6948430191421509 170
1774305964857 0.6903962467575073 171
1774306070368 0.6690807469177246 172
1774306175909 0.6898722252321243 173
1774306281445 0.6913651457595825 174
1774306386916 0.6994543148803711 175
1774306492511 0.6791247295570374 176
1774306598058 0.7081770661258697 177
1774306703625 0.6929972982406616 178
1774306809247 0.6923299319219589 179
1774306914842 0.6913347384738923 180
1774307020357 0.6942320246887207 181
1774307125916 0.6958136524200439 182
1774307231521 0.6905180668449402 183
1774307337114 0.6814511910820007 184
1774307442753 0.6887774984169006 185
1774307548371 0.6777421331501007 186
1774307653941 0.6794816923141479 187
1774307759582 0.6530927372169495 188
1774307865132 0.6758920221710205 189
1774307970645 0.6822826162528992 190
1774308076141 0.7009229341125488 191
1774308181769 0.6660811864185333 192
1774308287351 0.696486911277771 193
1774308393023 0.7396370269584656 194
1774308498680 0.693645247631073 195
1774308604247 0.7073925481796265 196
1774308709761 0.6770523612594604 197
1774308815382 0.7043875466632843 198
1774308920847 0.687029401254654 199
1774309026310 0.6850336726760864 200
