1774251543436 0.001 1
1774251878460 0.001 2
1774252214888 0.001 3
1774252548365 0.001 4
1774252884663 0.001 5
1774253218147 0.001 6
1774253554507 0.001 7
1774253835622 0.001 8
1774254138525 0.001 9
1774254470447 0.001 10
1774254806737 0.001 11
1774255141781 0.001 12
1774255475108 0.001 13
1774255918156 0.001 14
1774256359293 0.001 15
1774256803584 0.001 16
1774257244411 0.001 17
1774257689002 0.001 18
1774258129781 0.001 19
1774258575122 0.001 20
1774259017331 0.001 21
1774259461578 0.001 22
1774259905783 0.001 23
1774260348304 0.001 24
1774260793150 0.001 25
1774261235140 0.001 26
1774261680506 0.001 27
1774262122412 0.001 28
1774262566440 0.001 29
1774263008989 0.001 30
1774263454759 0.001 31
1774263896179 0.0005 32
1774264340472 0.0005 33
1774264786230 0.0005 34
1774265227592 0.0005 35
1774265672360 0.0005 36
1774266114505 0.0005 37
1774266559254 0.0005 38
1774266999991 0.00025 39
1774267445473 0.00025 40
1774267887102 0.00025 41
1774268331272 0.00025 42
1774268773783 0.00025 43
1774269216922 0.00025 44
1774269661135 0.000125 45
1774270102125 0.000125 46
1774270547232 0.000125 47
1774270988945 0.000125 48
1774271433833 0.000125 49
1774271875361 0.000125 50
1774272320240 6.25e-05 51
1774272761961 6.25e-05 52
1774273206842 6.25e-05 53
1774273650379 6.25e-05 54
1774274092425 6.25e-05 55
1774274537311 6.25e-05 56
1774274978804 3.125e-05 57
1774275423158 3.125e-05 58
1774275865946 3.125e-05 59
1774276311248 3.125e-05 60
1774276752122 3.125e-05 61
1774277197173 3.125e-05 62
1774277640109 1.5625e-05 63
1774278084314 1.5625e-05 64
1774278528177 1.5625e-05 65
1774278971279 1.5625e-05 66
1774279416457 1.5625e-05 67
1774279857604 1.5625e-05 68
1774280302794 7.8125e-06 69
1774280745443 7.8125e-06 70
1774281189847 7.8125e-06 71
1774281631542 7.8125e-06 72
1774282076950 7.8125e-06 73
1774282520460 7.8125e-06 74
1774282863806 3.90625e-06 75
1774283194889 3.90625e-06 76
1774283526405 3.90625e-06 77
1774283858471 3.90625e-06 78
1774284190231 3.90625e-06 79
1774284520822 3.90625e-06 80
1774284852070 1.953125e-06 81
1774285184124 1.953125e-06 82
1774285516342 1.953125e-06 83
1774285845911 1.953125e-06 84
1774286178016 1.953125e-06 85
1774286510307 1.953125e-06 86
1774286841703 9.765625e-07 87
1774287171841 9.765625e-07 88
1774287503932 9.765625e-07 89
1774287835304 9.765625e-07 90
1774288167246 9.765625e-07 91
1774288497963 9.765625e-07 92
1774288829922 4.8828125e-07 93
1774289161644 4.8828125e-07 94
1774289493607 4.8828125e-07 95
1774289824505 4.8828125e-07 96
1774290155959 4.8828125e-07 97
1774290488296 4.8828125e-07 98
1774290820614 2.44140625e-07 99
1774291150404 2.44140625e-07 100
1774291482651 2.44140625e-07 101
1774291733143 2.44140625e-07 102
1774291956008 2.44140625e-07 103
1774292179874 2.44140625e-07 104
1774292403808 1.220703125e-07 105
1774292627238 1.220703125e-07 106
1774292850671 1.220703125e-07 107
1774293074807 1.220703125e-07 108
1774293298701 1.220703125e-07 109
1774293521453 1.220703125e-07 110
1774293745430 6.103515625e-08 111
1774293969332 6.103515625e-08 112
1774294192380 6.103515625e-08 113
1774294416486 6.103515625e-08 114
1774294640672 6.103515625e-08 115
1774294863748 6.103515625e-08 116
1774295087470 3.0517578125e-08 117
1774295311094 3.0517578125e-08 118
1774295534373 3.0517578125e-08 119
1774295757533 3.0517578125e-08 120
1774295981256 3.0517578125e-08 121
1774296205113 3.0517578125e-08 122
1774296427878 1.52587890625e-08 123
1774296651825 1.52587890625e-08 124
1774296875815 1.52587890625e-08 125
1774297098825 1.52587890625e-08 126
1774297322185 1.52587890625e-08 127
1774297545584 1.52587890625e-08 128
1774297767997 1.52587890625e-08 129
1774297991428 1.52587890625e-08 130
1774298214790 1.52587890625e-08 131
1774298437736 1.52587890625e-08 132
1774298660593 1.52587890625e-08 133
1774298883984 1.52587890625e-08 134
1774299107327 1.52587890625e-08 135
1774299329584 1.52587890625e-08 136
1774299552930 1.52587890625e-08 137
1774299776338 1.52587890625e-08 138
1774299998520 1.52587890625e-08 139
1774300221875 1.52587890625e-08 140
1774300445252 1.52587890625e-08 141
1774300667816 1.52587890625e-08 142
1774300891110 1.52587890625e-08 143
1774301114451 1.52587890625e-08 144
1774301337204 1.52587890625e-08 145
1774301559931 1.52587890625e-08 146
1774301783417 1.52587890625e-08 147
1774302006870 1.52587890625e-08 148
1774302229161 1.52587890625e-08 149
1774302452056 1.52587890625e-08 150
1774302675254 1.52587890625e-08 151
1774302897560 1.52587890625e-08 152
1774303120959 1.52587890625e-08 153
1774303344422 1.52587890625e-08 154
1774303567145 1.52587890625e-08 155
1774303790538 1.52587890625e-08 156
1774304013746 1.52587890625e-08 157
1774304236788 1.52587890625e-08 158
1774304459326 1.52587890625e-08 159
1774304682602 1.52587890625e-08 160
1774304905643 1.52587890625e-08 161
1774305023104 1.52587890625e-08 162
1774305128670 1.52587890625e-08 163
1774305234288 1.52587890625e-08 164
1774305339862 1.52587890625e-08 165
1774305445488 1.52587890625e-08 166
1774305551024 1.52587890625e-08 167
1774305656592 1.52587890625e-08 168
1774305762140 1.52587890625e-08 169
1774305867701 1.52587890625e-08 170
1774305973302 1.52587890625e-08 171
1774306078781 1.52587890625e-08 172
1774306184337 1.52587890625e-08 173
1774306289853 1.52587890625e-08 174
1774306395373 1.52587890625e-08 175
1774306500935 1.52587890625e-08 176
1774306606500 1.52587890625e-08 177
1774306712089 1.52587890625e-08 178
1774306817678 1.52587890625e-08 179
1774306923264 1.52587890625e-08 180
1774307028818 1.52587890625e-08 181
1774307134364 1.52587890625e-08 182
1774307239943 1.52587890625e-08 183
1774307345603 1.52587890625e-08 184
1774307451208 1.52587890625e-08 185
1774307556831 1.52587890625e-08 186
1774307662467 1.52587890625e-08 187
1774307768022 1.52587890625e-08 188
1774307873573 1.52587890625e-08 189
1774307979068 1.52587890625e-08 190
1774308084575 1.52587890625e-08 191
1774308190183 1.52587890625e-08 192
1774308295908 1.52587890625e-08 193
1774308401552 1.52587890625e-08 194
1774308507131 1.52587890625e-08 195
1774308612671 1.52587890625e-08 196
1774308718199 1.52587890625e-08 197
1774308823807 1.52587890625e-08 198
1774308929272 1.52587890625e-08 199
1774309034733 1.52587890625e-08 200
