1774254136489 11.901999473571777 1
1774254392516 24.437999725341797 2
1774254646226 31.591999053955078 3
1774254902601 37.742000579833984 4
1774255157174 42.236000061035156 5
1774255413076 45.74599838256836 6
1774255730175 49.31599807739258 7
1774256067132 52.20800018310547 8
1774256406276 54.58599853515625 9
1774256746425 56.9739990234375 10
1774257082438 59.513999938964844 11
1774257422050 61.37999725341797 12
1774257761103 63.01599884033203 13
1774258097719 64.97000122070312 14
1774258436957 66.59600067138672 15
1774258776934 67.9739990234375 16
1774259113349 69.54999542236328 17
1774259452875 70.88800048828125 18
1774259792610 72.09600067138672 19
1774260129554 73.1500015258789 20
1774260468652 74.7439956665039 21
1774260808209 75.55199432373047 22
1774261145400 76.4939956665039 23
1774261485146 77.04399871826172 24
1774261824142 78.61199951171875 25
1774262160667 79.02399444580078 26
1774262500675 83.77399444580078 27
1774262840573 85.28799438476562 28
1774263177169 86.02799987792969 29
1774263516553 86.47000122070312 30
1774263856314 87.07599639892578 31
1774264193265 87.14399719238281 32
1774264532353 89.50199890136719 33
1774264870287 90.1500015258789 34
1774265210073 90.32799530029297 35
1774265549952 90.3699951171875 36
1774265886682 90.76399993896484 37
1774266225278 90.86000061035156 38
1774266564855 91.83599853515625 39
1774266901982 91.9280014038086 40
1774267241306 92.30400085449219 41
1774267580289 92.46399688720703 42
1774267916944 92.56599426269531 43
1774268256604 92.58999633789062 44
1774268595428 92.91199493408203 45
1774268931365 93.08799743652344 46
1774269271314 93.20800018310547 47
1774269610992 93.15999603271484 48
1774269946858 93.37999725341797 49
1774270286299 93.25599670410156 50
1774270625475 93.52799987792969 51
1774270962524 93.56199645996094 52
1774271301679 93.59600067138672 53
1774271641998 93.7179946899414 54
1774271978605 93.83599853515625 55
1774272317630 93.72599792480469 56
1774272656705 93.63599395751953 57
1774272994124 93.85599517822266 58
1774273333176 93.84600067138672 59
1774273671520 93.85199737548828 60
1774274009440 93.88199615478516 61
1774274349025 93.94200134277344 62
1774274686147 93.7959976196289 63
1774275024595 93.75199890136719 64
1774275364213 94.03799438476562 65
1774275701480 94.04999542236328 66
1774276040430 94.00599670410156 67
1774276379313 93.9219970703125 68
1774276717253 93.94200134277344 69
1774277056356 93.83200073242188 70
1774277395264 94.02399444580078 71
1774277731640 93.87799835205078 72
1774278071827 94.23400115966797 73
1774278411305 93.7959976196289 74
1774278747775 93.89199829101562 75
1774279086963 93.84600067138672 76
1774279427154 94.08599853515625 77
1774279764344 94.00599670410156 78
1774280103488 94.04199981689453 79
1774280442581 93.96599578857422 80
1774280779891 93.96599578857422 81
1774281119597 93.92599487304688 82
1774281458390 93.97200012207031 83
1774281794643 94.18000030517578 84
1774282134598 94.0719985961914 85
1774282474132 94.07599639892578 86
1774282749666 94.02999877929688 87
1774283003481 94.16999816894531 88
1774283255778 94.20999908447266 89
1774283508883 93.92399597167969 90
1774283761894 93.9280014038086 91
1774284015982 94.02399444580078 92
1774284268105 94.04399871826172 93
1774284520664 94.00999450683594 94
1774284775240 93.99800109863281 95
1774285027794 94.00199890136719 96
1774285280429 93.81599426269531 97
1774285532958 94.02999877929688 98
1774285787823 94.1199951171875 99
1774286040215 93.91399383544922 100
1774286292892 93.85399627685547 101
1774286546970 94.12199401855469 102
1774286800395 94.04000091552734 103
1774287052513 94.10199737548828 104
1774287304988 94.07599639892578 105
1774287559031 94.13399505615234 106
1774287812297 94.19599914550781 107
1774288064881 94.17599487304688 108
1774288318994 94.1780014038086 109
1774288571497 94.05799865722656 110
1774288824306 93.99199676513672 111
1774289077551 93.94999694824219 112
1774289331699 94.03199768066406 113
1774289584660 94.19200134277344 114
1774289837289 93.93199920654297 115
1774290091189 93.98199462890625 116
1774290345089 93.90399932861328 117
1774290597862 94.20399475097656 118
1774290850535 94.14399719238281 119
1774291105440 94.01599884033203 120
1774291357895 94.0739974975586 121
1774291595995 93.81999969482422 122
1774291766738 94.10199737548828 123
1774291938394 93.97599792480469 124
1774292109254 94.00599670410156 125
1774292279974 93.94400024414062 126
1774292450680 93.94200134277344 127
1774292621851 94.20999908447266 128
1774292793257 94.11799621582031 129
1774292964072 93.89599609375 130
1774293134841 94.2179946899414 131
1774293305437 94.00799560546875 132
1774293477099 93.97000122070312 133
1774293647871 94.2439956665039 134
1774293818574 94.0719985961914 135
1774293989287 94.03799438476562 136
1774294161065 93.94999694824219 137
1774294332058 94.21199798583984 138
1774294502958 94.16199493408203 139
1774294673808 94.13800048828125 140
1774294845545 93.96599578857422 141
1774295016161 94.19200134277344 142
1774295186661 94.19400024414062 143
1774295357338 94.10399627685547 144
1774295528470 94.13800048828125 145
1774295699618 94.1240005493164 146
1774295870250 93.91199493408203 147
1774296040843 94.04999542236328 148
1774296211437 94.0219955444336 149
1774296383016 94.11799621582031 150
1774296553785 94.05799865722656 151
1774296724576 94.01399993896484 152
1774296895259 93.97999572753906 153
1774297067040 94.13999938964844 154
1774297237772 94.08200073242188 155
1774297408246 94.10199737548828 156
1774297578603 94.18599700927734 157
1774297750018 94.16799926757812 158
1774297920450 94.11399841308594 159
1774298090856 93.85799407958984 160
1774298261327 94.02799987792969 161
1774298432129 94.0999984741211 162
1774298603097 94.08200073242188 163
1774298773543 93.7959976196289 164
1774298943944 93.95800018310547 165
1774299114417 94.06199645996094 166
1774299285823 93.9219970703125 167
1774299456207 94.03399658203125 168
1774299626616 93.91999816894531 169
1774299796966 93.95600128173828 170
1774299968350 94.17399597167969 171
1774300138737 94.14799499511719 172
1774300309143 94.08399963378906 173
1774300479510 93.97599792480469 174
1774300650820 94.1259994506836 175
1774300821433 94.05599975585938 176
1774300991853 94.03599548339844 177
1774301162271 94.07799530029297 178
1774301333020 94.01799774169922 179
1774301504061 94.05599975585938 180
1774301674460 94.1259994506836 181
1774301844922 93.93199920654297 182
1774302015269 93.87199401855469 183
1774302186673 93.93199920654297 184
1774302357051 93.86399841308594 185
1774302527300 94.02999877929688 186
1774302697667 94.15399932861328 187
1774302869088 94.093994140625 188
1774303039522 94.04399871826172 189
1774303209955 93.91799926757812 190
1774303380411 93.91799926757812 191
1774303551587 93.98600006103516 192
1774303721863 94.18000030517578 193
1774303892265 94.07799530029297 194
1774304062701 94.1520004272461 195
1774304233470 94.08200073242188 196
1774304404387 94.19599914550781 197
1774304574837 94.0199966430664 198
1774304745127 94.11799621582031 199
1774304915411 94.04199981689453 200
