1774254157145 21.979999542236328 0
1774254412881 31.81999969482422 0
1774254667125 38.0099983215332 0
1774254923447 42.39999771118164 0
1774255177508 47.40999984741211 0
1774255433904 49.81999969482422 0
1774255758021 51.34000015258789 0
1774256094116 52.529998779296875 0
1774256434117 55.3599967956543 0
1774256774120 56.66999816894531 0
1774257110264 57.29999923706055 0
1774257449113 58.66999816894531 0
1774257788950 59.46999740600586 0
1774258125133 59.46999740600586 0
1774258464775 61.519996643066406 0
1774258804040 61.68000030517578 0
1774259141220 62.28999710083008 0
1774259480509 63.44999694824219 0
1774259820473 63.44999694824219 0
1774260156673 63.679996490478516 0
1774260496498 63.84000015258789 0
1774260836053 63.84000015258789 0
1774261173240 63.84000015258789 0
1774261513012 63.84000015258789 0
1774261851826 63.84000015258789 0
1774262188525 64.05999755859375 0
1774262528502 66.68999481201172 0
1774262867880 66.90999603271484 0
1774263205051 66.90999603271484 0
1774263544385 66.97999572753906 0
1774263882198 66.97999572753906 0
1774264221130 66.97999572753906 0
1774264560230 67.65999603271484 0
1774264897620 67.83000183105469 0
1774265236826 67.93000030517578 0
1774265577805 67.93000030517578 0
1774265913739 68.00999450683594 0
1774266253110 68.00999450683594 0
1774266591912 68.3499984741211 0
1774266929829 68.3499984741211 0
1774267269146 68.38999938964844 0
1774267608129 68.38999938964844 0
1774267944773 68.38999938964844 0
1774268284445 68.38999938964844 0
1774268623259 68.38999938964844 0
1774268959208 68.5 0
1774269299151 68.5 0
1774269638568 68.5 0
1774269974703 68.50999450683594 0
1774270313584 68.50999450683594 0
1774270653307 68.56999969482422 0
1774270989772 68.56999969482422 0
1774271329532 68.5999984741211 0
1774271668589 68.94999694824219 0
1774272006445 68.94999694824219 0
1774272345369 68.94999694824219 0
1774272683982 68.94999694824219 0
1774273021103 68.94999694824219 0
1774273361032 69.02999877929688 0
1774273698782 69.02999877929688 0
1774274037266 69.02999877929688 0
1774274376867 69.02999877929688 0
1774274713463 69.04000091552734 0
1774275052442 69.04000091552734 0
1774275391900 69.04000091552734 0
1774275729171 69.04000091552734 0
1774276068284 69.04000091552734 0
1774276407139 69.04000091552734 0
1774276743864 69.04000091552734 0
1774277084210 69.04000091552734 0
1774277423120 69.04000091552734 0
1774277759476 69.04000091552734 0
1774278098501 69.04000091552734 0
1774278439152 69.04000091552734 0
1774278775638 69.04000091552734 0
1774279114797 69.04999542236328 0
1774279454274 69.04999542236328 0
1774279792194 69.04999542236328 0
1774280131344 69.04999542236328 0
1774280470447 69.04999542236328 0
1774280807757 69.04999542236328 0
1774281147448 69.04999542236328 0
1774281485687 69.04999542236328 0
1774281822476 69.04999542236328 0
1774282162467 69.04999542236328 0
1774282501154 69.04999542236328 0
1774282770461 69.04999542236328 0
1774283022579 69.04999542236328 0
1774283276601 69.04999542236328 0
1774283529258 69.04999542236328 0
1774283782706 69.04999542236328 0
1774284036793 69.04999542236328 0
1774284288896 69.04999542236328 0
1774284541405 69.04999542236328 0
1774284794612 69.04999542236328 0
1774285048615 69.04999542236328 0
1774285301238 69.04999542236328 0
1774285553777 69.04999542236328 0
1774285808654 69.04999542236328 0
1774286061036 69.04999542236328 0
1774286313689 69.04999542236328 0
1774286566224 69.04999542236328 0
1774286820982 69.04999542236328 0
1774287073312 69.04999542236328 0
1774287325808 69.04999542236328 0
1774287579828 69.04999542236328 0
1774287832707 69.04999542236328 0
1774288085707 69.04999542236328 0
1774288338373 69.04999542236328 0
1774288592297 69.04999542236328 0
1774288844907 69.04999542236328 0
1774289098369 69.04999542236328 0
1774289351919 69.04999542236328 0
1774289605448 69.04999542236328 0
1774289858084 69.04999542236328 0
1774290111648 69.04999542236328 0
1774290365902 69.04999542236328 0
1774290618674 69.04999542236328 0
1774290871337 69.04999542236328 0
1774291124506 69.04999542236328 0
1774291378699 69.04999542236328 0
1774291609775 69.04999542236328 0
1774291780526 69.04999542236328 0
1774291951636 69.04999542236328 0
1774292123040 69.04999542236328 0
1774292293764 69.04999542236328 0
1774292464459 69.04999542236328 0
1774292635286 69.04999542236328 0
1774292807034 69.04999542236328 0
1774292977851 69.04999542236328 0
1774293148586 69.04999542236328 0
1774293319222 69.04999542236328 0
1774293490882 69.04999542236328 0
1774293661645 69.04999542236328 0
1774293832366 69.04999542236328 0
1774294003043 69.04999542236328 0
1774294174732 69.04999542236328 0
1774294345837 69.04999542236328 0
1774294516732 69.04999542236328 0
1774294687600 69.04999542236328 0
1774294858825 69.04999542236328 0
1774295029951 69.04999542236328 0
1774295200460 69.04999542236328 0
1774295371147 69.04999542236328 0
1774295541839 69.04999542236328 0
1774295713405 69.04999542236328 0
1774295884043 69.04999542236328 0
1774296054600 69.04999542236328 0
1774296225219 69.04999542236328 0
1774296396807 69.04999542236328 0
1774296567586 69.04999542236328 0
1774296738334 69.04999542236328 0
1774296909039 69.04999542236328 0
1774297080810 69.04999542236328 0
1774297251527 69.04999542236328 0
1774297422011 69.04999542236328 0
1774297592376 69.04999542236328 0
1774297763189 69.04999542236328 0
1774297934230 69.04999542236328 0
1774298104650 69.04999542236328 0
1774298275105 69.04999542236328 0
1774298445486 69.04999542236328 0
1774298616864 69.04999542236328 0
1774298787308 69.04999542236328 0
1774298957729 69.04999542236328 0
1774299128177 69.04999542236328 0
1774299299574 69.04999542236328 0
1774299469966 69.04999542236328 0
1774299640375 69.04999542236328 0
1774299810742 69.04999542236328 0
1774299981892 69.04999542236328 0
1774300152505 69.04999542236328 0
1774300322907 69.04999542236328 0
1774300493268 69.04999542236328 0
1774300664112 69.04999542236328 0
1774300835198 69.04999542236328 0
1774301005630 69.04999542236328 0
1774301176036 69.04999542236328 0
1774301346465 69.04999542236328 0
1774301517840 69.04999542236328 0
1774301688222 69.04999542236328 0
1774301858675 69.04999542236328 0
1774302029033 69.04999542236328 0
1774302200458 69.04999542236328 0
1774302370806 69.04999542236328 0
1774302541089 69.04999542236328 0
1774302711432 69.04999542236328 0
1774302882560 69.04999542236328 0
1774303053282 69.04999542236328 0
1774303223734 69.04999542236328 0
1774303394166 69.04999542236328 0
1774303564915 69.04999542236328 0
1774303735627 69.04999542236328 0
1774303906030 69.04999542236328 0
1774304076472 69.04999542236328 0
1774304246758 69.04999542236328 0
1774304418170 69.04999542236328 0
1774304588597 69.04999542236328 0
1774304758879 69.04999542236328 0
1774304929179 69.04999542236328 0
