1774254136492 3.7854857566833497 1
1774254392519 3.0111683506774902 2
1774254646230 2.647326254119873 3
1774254902605 2.3776781945800782 4
1774255157178 2.1622986206054686 5
1774255413080 1.9983108209609985 6
1774255730177 1.8534539975738524 7
1774256067136 1.7259771560287476 8
1774256406279 1.6266945120620728 9
1774256746428 1.5318863422393798 10
1774257082442 1.4395608199310304 11
1774257422054 1.3614381383514405 12
1774257761106 1.2886630652618407 13
1774258097722 1.2226280765914916 14
1774258436960 1.1568500955963135 15
1774258776937 1.0979870977020263 16
1774259113352 1.0389619383239745 17
1774259452877 0.9895682857513428 18
1774259792613 0.9445649423217773 19
1774260129557 0.9021792583084106 20
1774260468655 0.8532976168060302 21
1774260808212 0.8241619715499878 22
1774261145404 0.7794642623519897 23
1774261485150 0.7640320050048828 24
1774261824146 0.7120745721435547 25
1774262160670 0.6929483503341675 26
1774262500677 0.5361403962707519 27
1774262840576 0.49298696082115173 28
1774263177173 0.46035973886489867 29
1774263516557 0.44836306440353396 30
1774263856317 0.4364804989337921 31
1774264193268 0.4309721385192871 32
1774264532356 0.35994357339859007 33
1774264870290 0.3374805542469025 34
1774265210076 0.3293147119617462 35
1774265549955 0.32165286151885986 36
1774265886685 0.3134768135643005 37
1774266225282 0.30956599519729616 38
1774266564857 0.28246424857139585 39
1774266901985 0.27361882172584534 40
1774267241307 0.2650943701171875 41
1774267580292 0.26233324054718016 42
1774267916947 0.2560884483385086 43
1774268256607 0.254366202545166 44
1774268595431 0.24616862775802612 45
1774268931368 0.23743910317897796 46
1774269271317 0.23661551887989044 47
1774269610995 0.2375419930076599 48
1774269946860 0.23178699681282044 49
1774270286303 0.23077117897987365 50
1774270625478 0.22156324024200438 51
1774270962525 0.2257874176120758 52
1774271301681 0.2244135843515396 53
1774271641999 0.22171698547124863 54
1774271978607 0.2161482861661911 55
1774272317633 0.21933527654647827 56
1774272656707 0.21838764243125916 57
1774272994128 0.21533877760887146 58
1774273333179 0.215605528421402 59
1774273671524 0.2132913962507248 60
1774274009442 0.2156276540851593 61
1774274349028 0.21118118223667146 62
1774274686150 0.2171536146736145 63
1774275024599 0.21912575470924378 64
1774275364217 0.20836072491645813 65
1774275701484 0.20605538179397584 66
1774276040434 0.21067915583610536 67
1774276379316 0.21289209545135498 68
1774276717256 0.21097972012042998 69
1774277056360 0.21298658482551575 70
1774277395267 0.21105496716022493 71
1774277731643 0.2137703212070465 72
1774278071830 0.20560906223297118 73
1774278411308 0.21598840366840363 74
1774278747778 0.21365325966358184 75
1774279086964 0.21694404705047607 76
1774279427156 0.20879646243572236 77
1774279764346 0.20967078545570372 78
1774280103491 0.21110226117134095 79
1774280442584 0.20910112252712248 80
1774280779894 0.2089424566411972 81
1774281119600 0.2123101739692688 82
1774281458393 0.2068383219242096 83
1774281794646 0.2035311816740036 84
1774282134600 0.20469058654785155 85
1774282474135 0.20547434420585634 86
1774282749670 0.2093546685695648 87
1774283003484 0.20696441742897034 88
1774283255781 0.20713390583992006 89
1774283508886 0.2081746235847473 90
1774283761896 0.20902333587646485 91
1774284015985 0.20847653825759888 92
1774284268109 0.20732891994476318 93
1774284520668 0.21012305515766144 94
1774284775243 0.20900184682369233 95
1774285027798 0.20820945921897888 96
1774285280430 0.21344812211036682 97
1774285532962 0.20812219946861268 98
1774285787827 0.20665652230262757 99
1774286040219 0.2119110729265213 100
1774286292894 0.20936323722839356 101
1774286546973 0.2087107069134712 102
1774286800398 0.208080533452034 103
1774287052516 0.20592746916770935 104
1774287304989 0.20704279947280885 105
1774287559033 0.20465827451229096 106
1774287812300 0.20405033550739288 107
1774288064884 0.20413698190689086 108
1774288318998 0.20248693030357362 109
1774288571500 0.21088051357746124 110
1774288824309 0.206680176115036 111
1774289077554 0.2111355143260956 112
1774289331703 0.21066149998664857 113
1774289584662 0.20643145354747772 114
1774289837292 0.20947407609939575 115
1774290091192 0.21299320734024046 116
1774290345092 0.21133467141151427 117
1774290597865 0.2041073078918457 118
1774290850537 0.20217143726348877 119
1774291105444 0.20709931024551392 120
1774291357897 0.20295800703525543 121
1774291595998 0.21215128731966018 122
1774291766742 0.20631109942913056 123
1774291938398 0.2078863523864746 124
1774292109257 0.2118799068593979 125
1774292279977 0.21292336806297302 126
1774292450684 0.21124410817146302 127
1774292621855 0.20511945028305054 128
1774292793260 0.2059795480823517 129
1774292964075 0.21061547266483308 130
1774293134844 0.20336141392230989 131
1774293305440 0.20880702301025392 132
1774293477102 0.2092391309738159 133
1774293647875 0.20297609397411345 134
1774293818578 0.20880959706306457 135
1774293989289 0.21029027235031128 136
1774294161069 0.20807149515151976 137
1774294332062 0.20094991215229036 138
1774294502961 0.20346168255090713 139
1774294673811 0.20256793050765992 140
1774294845547 0.208878211145401 141
1774295016165 0.2035658080124855 142
1774295186664 0.20588117813110351 143
1774295357341 0.20757975831985473 144
1774295528473 0.2056258452272415 145
1774295699622 0.20452183396339416 146
1774295870254 0.2103504705810547 147
1774296040846 0.20668843211174012 148
1774296211440 0.20783947379112244 149
1774296383020 0.20713551875114442 150
1774296553789 0.21011415246009826 151
1774296724578 0.20521906819820404 152
1774296895263 0.2086627141046524 153
1774297067043 0.20373015584945678 154
1774297237776 0.2074614574623108 155
1774297408249 0.20461073393821716 156
1774297578607 0.20699547305107116 157
1774297750019 0.20606218173503876 158
1774297920453 0.20789511987686157 159
1774298090859 0.2133181321144104 160
1774298261331 0.20958234281539917 161
1774298432132 0.20518496088504792 162
1774298603100 0.2056470284128189 163
1774298773547 0.21333905528068542 164
1774298943947 0.2097580912590027 165
1774299114419 0.20512587778568267 166
1774299285825 0.21077922226905824 167
1774299456210 0.20631818316459655 168
1774299626618 0.21135901639938354 169
1774299796970 0.20539030157089233 170
1774299968353 0.204785028090477 171
1774300138740 0.20455848494529724 172
1774300309145 0.20513812545776366 173
1774300479512 0.2127443269252777 174
1774300650822 0.20565267748832702 175
1774300821436 0.20759699347019195 176
1774300991856 0.20772312050819397 177
1774301162273 0.20754682921409606 178
1774301333023 0.20846489612579347 179
1774301504064 0.20810136358737946 180
1774301674463 0.20636133030891418 181
1774301844925 0.2096836382293701 182
1774302015271 0.20932281043052672 183
1774302186677 0.2128333800792694 184
1774302357054 0.20913650279045104 185
1774302527303 0.2096846701812744 186
1774302697671 0.20492211101293564 187
1774302869092 0.2056132414627075 188
1774303039526 0.20561072056293486 189
1774303209958 0.21317317564964294 190
1774303380413 0.21304963354349135 191
1774303551591 0.20712645520687104 192
1774303721866 0.20635294296741485 193
1774303892268 0.20387500599861144 194
1774304062703 0.20397910843849182 195
1774304233473 0.20845391917228698 196
1774304404391 0.20240414883613586 197
1774304574841 0.20964592774868013 198
1774304745129 0.20567421804428102 199
1774304915414 0.20450646817207335 200
