1774254157292 0.001 1
1774254413167 0.001 2
1774254667414 0.001 3
1774254923767 0.001 4
1774255177850 0.001 5
1774255434261 0.001 6
1774255758342 0.001 7
1774256094575 0.001 8
1774256434457 0.001 9
1774256774414 0.001 10
1774257110601 0.001 11
1774257449400 0.001 12
1774257789335 0.001 13
1774258125134 0.001 14
1774258465122 0.001 15
1774258804348 0.001 16
1774259141537 0.001 17
1774259480833 0.001 18
1774259820474 0.001 19
1774260156996 0.001 20
1774260496844 0.001 21
1774260836054 0.001 22
1774261173241 0.001 23
1774261513013 0.001 24
1774261851827 0.001 25
1774262188918 0.0005 26
1774262528819 0.0005 27
1774262868173 0.0005 28
1774263205052 0.0005 29
1774263544693 0.0005 30
1774263882200 0.0005 31
1774264221131 0.00025 32
1774264560552 0.00025 33
1774264897962 0.00025 34
1774265237195 0.00025 35
1774265577806 0.00025 36
1774265914065 0.00025 37
1774266253111 0.000125 38
1774266592198 0.000125 39
1774266929830 0.000125 40
1774267269456 0.000125 41
1774267608130 0.000125 42
1774267944774 0.000125 43
1774268284447 6.25e-05 44
1774268623260 6.25e-05 45
1774268959535 6.25e-05 46
1774269299152 6.25e-05 47
1774269638570 6.25e-05 48
1774269975007 6.25e-05 49
1774270313585 3.125e-05 50
1774270653656 3.125e-05 51
1774270989773 3.125e-05 52
1774271329858 3.125e-05 53
1774271668902 3.125e-05 54
1774272006446 3.125e-05 55
1774272345371 1.5625e-05 56
1774272683983 1.5625e-05 57
1774273021104 1.5625e-05 58
1774273361377 1.5625e-05 59
1774273698783 1.5625e-05 60
1774274037267 1.5625e-05 61
1774274376869 7.8125e-06 62
1774274713762 7.8125e-06 63
1774275052444 7.8125e-06 64
1774275391901 7.8125e-06 65
1774275729173 7.8125e-06 66
1774276068285 7.8125e-06 67
1774276407141 3.90625e-06 68
1774276743866 3.90625e-06 69
1774277084212 3.90625e-06 70
1774277423121 3.90625e-06 71
1774277759477 3.90625e-06 72
1774278098503 3.90625e-06 73
1774278439153 1.953125e-06 74
1774278775639 1.953125e-06 75
1774279115095 1.953125e-06 76
1774279454276 1.953125e-06 77
1774279792195 1.953125e-06 78
1774280131346 1.953125e-06 79
1774280470448 9.765625e-07 80
1774280807758 9.765625e-07 81
1774281147449 9.765625e-07 82
1774281485688 9.765625e-07 83
1774281822477 9.765625e-07 84
1774282162468 9.765625e-07 85
1774282501155 4.8828125e-07 86
1774282770462 4.8828125e-07 87
1774283022580 4.8828125e-07 88
1774283276602 4.8828125e-07 89
1774283529260 4.8828125e-07 90
1774283782708 4.8828125e-07 91
1774284036794 2.44140625e-07 92
1774284288898 2.44140625e-07 93
1774284541406 2.44140625e-07 94
1774284794613 2.44140625e-07 95
1774285048616 2.44140625e-07 96
1774285301239 2.44140625e-07 97
1774285553778 1.220703125e-07 98
1774285808655 1.220703125e-07 99
1774286061037 1.220703125e-07 100
1774286313691 1.220703125e-07 101
1774286566225 1.220703125e-07 102
1774286820983 1.220703125e-07 103
1774287073313 6.103515625e-08 104
1774287325809 6.103515625e-08 105
1774287579829 6.103515625e-08 106
1774287832708 6.103515625e-08 107
1774288085708 6.103515625e-08 108
1774288338375 6.103515625e-08 109
1774288592298 3.0517578125e-08 110
1774288844908 3.0517578125e-08 111
1774289098371 3.0517578125e-08 112
1774289351920 3.0517578125e-08 113
1774289605449 3.0517578125e-08 114
1774289858085 3.0517578125e-08 115
1774290111650 1.52587890625e-08 116
1774290365903 1.52587890625e-08 117
1774290618675 1.52587890625e-08 118
1774290871338 1.52587890625e-08 119
1774291124508 1.52587890625e-08 120
1774291378701 1.52587890625e-08 121
1774291609776 1.52587890625e-08 122
1774291780528 1.52587890625e-08 123
1774291951637 1.52587890625e-08 124
1774292123041 1.52587890625e-08 125
1774292293766 1.52587890625e-08 126
1774292464461 1.52587890625e-08 127
1774292635287 1.52587890625e-08 128
1774292807035 1.52587890625e-08 129
1774292977852 1.52587890625e-08 130
1774293148587 1.52587890625e-08 131
1774293319223 1.52587890625e-08 132
1774293490883 1.52587890625e-08 133
1774293661647 1.52587890625e-08 134
1774293832367 1.52587890625e-08 135
1774294003044 1.52587890625e-08 136
1774294174733 1.52587890625e-08 137
1774294345839 1.52587890625e-08 138
1774294516733 1.52587890625e-08 139
1774294687602 1.52587890625e-08 140
1774294858826 1.52587890625e-08 141
1774295029952 1.52587890625e-08 142
1774295200461 1.52587890625e-08 143
1774295371149 1.52587890625e-08 144
1774295541841 1.52587890625e-08 145
1774295713406 1.52587890625e-08 146
1774295884045 1.52587890625e-08 147
1774296054601 1.52587890625e-08 148
1774296225220 1.52587890625e-08 149
1774296396808 1.52587890625e-08 150
1774296567588 1.52587890625e-08 151
1774296738335 1.52587890625e-08 152
1774296909040 1.52587890625e-08 153
1774297080813 1.52587890625e-08 154
1774297251529 1.52587890625e-08 155
1774297422012 1.52587890625e-08 156
1774297592378 1.52587890625e-08 157
1774297763191 1.52587890625e-08 158
1774297934232 1.52587890625e-08 159
1774298104652 1.52587890625e-08 160
1774298275106 1.52587890625e-08 161
1774298445487 1.52587890625e-08 162
1774298616866 1.52587890625e-08 163
1774298787309 1.52587890625e-08 164
1774298957730 1.52587890625e-08 165
1774299128179 1.52587890625e-08 166
1774299299576 1.52587890625e-08 167
1774299469968 1.52587890625e-08 168
1774299640376 1.52587890625e-08 169
1774299810743 1.52587890625e-08 170
1774299981894 1.52587890625e-08 171
1774300152506 1.52587890625e-08 172
1774300322908 1.52587890625e-08 173
1774300493269 1.52587890625e-08 174
1774300664113 1.52587890625e-08 175
1774300835201 1.52587890625e-08 176
1774301005631 1.52587890625e-08 177
1774301176037 1.52587890625e-08 178
1774301346466 1.52587890625e-08 179
1774301517841 1.52587890625e-08 180
1774301688224 1.52587890625e-08 181
1774301858677 1.52587890625e-08 182
1774302029034 1.52587890625e-08 183
1774302200459 1.52587890625e-08 184
1774302370807 1.52587890625e-08 185
1774302541090 1.52587890625e-08 186
1774302711435 1.52587890625e-08 187
1774302882562 1.52587890625e-08 188
1774303053284 1.52587890625e-08 189
1774303223736 1.52587890625e-08 190
1774303394167 1.52587890625e-08 191
1774303564917 1.52587890625e-08 192
1774303735628 1.52587890625e-08 193
1774303906032 1.52587890625e-08 194
1774304076473 1.52587890625e-08 195
1774304246760 1.52587890625e-08 196
1774304418171 1.52587890625e-08 197
1774304588599 1.52587890625e-08 198
1774304758880 1.52587890625e-08 199
1774304929181 1.52587890625e-08 200
