1774169816002 7.559999942779541 1
1774170146400 14.265999794006348 2
1774170477260 20.95199966430664 3
1774170807443 26.529998779296875 4
1774171140024 30.781999588012695 5
1774171467843 34.540000915527344 6
1774171800666 38.08599853515625 7
1774172229276 40.31999969482422 8
1774172672280 43.77799987792969 9
1774173115248 45.697998046875 10
1774173557660 48.02399826049805 11
1774174000612 49.99599838256836 12
1774174442916 52.31999969482422 13
1774174887759 54.077999114990234 14
1774175327625 55.709999084472656 15
1774175771907 57.507999420166016 16
1774176212944 58.917999267578125 17
1774176656228 60.43000030517578 18
1774177099202 61.57600021362305 19
1774177541456 63.167999267578125 20
1774177983255 64.56800079345703 21
1774178424416 65.4020004272461 22
1774178868517 66.77799987792969 23
1774179307752 68.06999969482422 24
1774179751887 69.0459976196289 25
1774180192910 70.33599853515625 26
1774180634867 71.60199737548828 27
1774181077029 72.25999450683594 28
1774181519234 73.3759994506836 29
1774181961939 74.26200103759766 30
1774182404771 74.97000122070312 31
1774182849586 79.51200103759766 32
1774183289594 80.55400085449219 33
1774183734525 81.2459945678711 34
1774184175804 82.05999755859375 35
1774184619266 82.65599822998047 36
1774185061507 83.11799621582031 37
1774185504547 83.59600067138672 38
1774185946763 85.81999969482422 39
1774186388940 86.5219955444336 40
1774186833866 86.58200073242188 41
1774187273840 87.13399505615234 42
1774187718803 87.35399627685547 43
1774188160287 87.4219970703125 44
1774188603236 88.63399505615234 45
1774189045712 88.81599426269531 46
1774189488450 89.07599639892578 47
1774189930402 89.08999633789062 48
1774190372504 89.45399475097656 49
1774190817497 89.26599884033203 50
1774191258157 89.88199615478516 51
1774191704079 90.1199951171875 52
1774192146189 90.10799407958984 53
1774192589085 90.40999603271484 54
1774193030531 90.29999542236328 55
1774193471767 90.5719985961914 56
1774193913577 90.68799591064453 57
1774194356524 90.61799621582031 58
1774194800312 90.93599700927734 59
1774195240255 90.7699966430664 60
1774195684744 91.00999450683594 61
1774196125085 90.71199798583984 62
1774196567471 90.86799621582031 63
1774197008803 91.04199981689453 64
1774197450275 91.10799407958984 65
1774197891982 91.04999542236328 66
1774198333434 91.12999725341797 67
1774198775324 91.093994140625 68
1774199216085 91.08999633789062 69
1774199659663 91.03799438476562 70
1774200101001 91.15399932861328 71
1774200543266 91.22599792480469 72
1774200984677 91.08799743652344 73
1774201426733 91.08999633789062 74
1774201869047 91.27999877929688 75
1774202310533 91.26200103759766 76
1774202751836 91.41799926757812 77
1774203192828 91.2439956665039 78
1774203635372 91.14799499511719 79
1774204077287 91.29199981689453 80
1774204518893 91.28599548339844 81
1774204959707 91.34199523925781 82
1774205400981 91.40999603271484 83
1774205841986 91.25999450683594 84
1774206283097 91.19400024414062 85
1774206724581 91.14799499511719 86
1774207166098 91.40799713134766 87
1774207607548 91.2760009765625 88
1774208050235 91.50999450683594 89
1774208491168 91.18000030517578 90
1774208932598 91.0719985961914 91
1774209373522 91.10399627685547 92
1774209814438 91.38999938964844 93
1774210255598 91.22999572753906 94
1774210696640 91.3219985961914 95
1774211138087 91.26799774169922 96
1774211578867 91.38999938964844 97
1774212021792 91.28399658203125 98
1774212462047 91.50999450683594 99
1774212904265 91.22200012207031 100
1774213345281 91.04000091552734 101
1774213786349 91.38599395751953 102
1774214227373 91.31800079345703 103
1774214668445 91.30199432373047 104
1774215109414 91.18000030517578 105
1774215550280 91.0979995727539 106
1774215992933 91.3699951171875 107
1774216432177 91.1719970703125 108
1774216875048 91.10399627685547 109
1774217315756 91.53599548339844 110
1774217756941 91.2979965209961 111
1774218197966 91.26599884033203 112
1774218639110 91.48600006103516 113
1774219080314 91.26599884033203 114
1774219521307 91.23999786376953 115
1774219964554 91.23199462890625 116
1774220403242 91.06199645996094 117
1774220846836 91.28399658203125 118
1774221286511 91.17599487304688 119
1774221728393 91.50999450683594 120
1774222169164 91.46599578857422 121
1774222609319 91.25999450683594 122
1774223050505 91.18799591064453 123
1774223490788 91.53599548339844 124
1774223933887 91.08799743652344 125
1774224372268 91.6520004272461 126
1774224815595 91.49800109863281 127
1774225254456 91.30999755859375 128
1774225697160 91.37999725341797 129
1774226138321 91.18999481201172 130
1774226579433 91.31999969482422 131
1774227021260 91.55799865722656 132
1774227461783 91.3219985961914 133
1774227906383 91.24199676513672 134
1774228345033 91.50799560546875 135
1774228788729 91.4219970703125 136
1774229227050 91.44400024414062 137
1774229670548 91.44599914550781 138
1774230110834 91.13800048828125 139
1774230552910 91.25799560546875 140
1774230995416 91.45199584960938 141
1774231436304 91.4739990234375 142
1774231880928 91.2959976196289 143
1774232320666 91.39199829101562 144
1774232766569 91.30199432373047 145
1774233155711 91.2719955444336 146
1774233489028 91.19400024414062 147
1774233821107 91.18799591064453 148
1774234153998 91.41400146484375 149
1774234487697 91.31999969482422 150
1774234819168 91.2979965209961 151
1774235152937 91.11399841308594 152
1774235484168 91.3219985961914 153
1774235818422 91.40599822998047 154
1774236149818 91.22999572753906 155
1774236484129 91.22999572753906 156
1774236815118 91.49800109863281 157
1774237149150 91.26599884033203 158
1774237482199 91.36799621582031 159
1774237815448 91.50399780273438 160
1774238150261 91.35799407958984 161
1774238482439 91.38800048828125 162
1774238817394 91.26599884033203 163
1774239149616 91.31999969482422 164
1774239484563 91.47599792480469 165
1774239816791 91.48600006103516 166
1774240151629 91.29999542236328 167
1774240484203 91.31999969482422 168
1774240818744 91.27799987792969 169
1774241153020 91.197998046875 170
1774241485746 91.16799926757812 171
1774241820600 91.2979965209961 172
1774242152801 91.33399963378906 173
1774242487693 91.28199768066406 174
1774242819800 91.37799835205078 175
1774243154619 91.2719955444336 176
1774243486726 91.30999755859375 177
1774243821506 91.36000061035156 178
1774244154605 91.29399871826172 179
1774244488122 91.4219970703125 180
1774244822501 91.36000061035156 181
1774245154047 91.32599639892578 182
1774245488915 91.25 183
1774245821100 91.17399597167969 184
1774246156121 91.38199615478516 185
1774246488460 91.26399993896484 186
1774246823464 91.13399505615234 187
1774247156007 91.39999389648438 188
1774247492022 91.44599914550781 189
1774247826928 91.4679946899414 190
1774248160982 91.12999725341797 191
1774248496930 91.58799743652344 192
1774248830266 91.21199798583984 193
1774249166243 91.33399963378906 194
1774249499449 91.20399475097656 195
1774249835450 91.30799865722656 196
1774250168720 91.39199829101562 197
1774250504596 91.3219985961914 198
1774250838166 91.47200012207031 199
1774251173787 91.19599914550781 200
