1774169842814 12.329999923706055 0
1774170173226 19.989999771118164 0
1774170504083 25.56999969482422 0
1774170834222 30.549999237060547 0
1774171166208 34.459999084472656 0
1774171494675 39.57999801635742 0
1774171827512 41.97999954223633 0
1774172264322 44.27000045776367 0
1774172708082 46.73999786376953 0
1774173151014 47.55999755859375 0
1774173593427 50.09000015258789 0
1774174036371 51.90999984741211 0
1774174478708 53.29999923706055 0
1774174922894 54.22999954223633 0
1774175363433 54.22999954223633 0
1774175807810 56.64999771118164 0
1774176248095 57.54999923706055 0
1774176692135 57.54999923706055 0
1774177135126 58.98999786376953 0
1774177577381 59.939998626708984 0
1774178019191 59.939998626708984 0
1774178460372 60.13999938964844 0
1774178903906 60.65999984741211 0
1774179343745 61.04999923706055 0
1774179787931 61.959999084472656 0
1774180228332 61.959999084472656 0
1774180670931 62.62999725341797 0
1774181113078 62.62999725341797 0
1774181555258 63.22999954223633 0
1774181997955 63.22999954223633 0
1774182440832 63.56999969482422 0
1774182884975 65.3699951171875 0
1774183325649 65.86000061035156 0
1774183770583 65.86000061035156 0
1774184211121 66.29000091552734 0
1774184655314 66.29000091552734 0
1774185097559 66.36000061035156 0
1774185540571 66.36000061035156 0
1774185982785 66.83999633789062 0
1774186424969 67.13999938964844 0
1774186869240 67.13999938964844 0
1774187309908 67.13999938964844 0
1774187754832 67.13999938964844 0
1774188195588 67.13999938964844 0
1774188639288 67.54999542236328 0
1774189081758 68.0 0
1774189524497 68.0 0
1774189966431 68.0 0
1774190408569 68.0 0
1774190852843 68.0 0
1774191294176 68.0 0
1774191740215 68.0199966430664 0
1774192181432 68.0199966430664 0
1774192625063 68.0199966430664 0
1774193066516 68.0199966430664 0
1774193507779 68.0199966430664 0
1774193949584 68.0999984741211 0
1774194392535 68.1500015258789 0
1774194835668 68.1500015258789 0
1774195276260 68.36000061035156 0
1774195720392 68.36000061035156 0
1774196160384 68.36000061035156 0
1774196603466 68.36000061035156 0
1774197044842 68.36000061035156 0
1774197486263 68.36000061035156 0
1774197927973 68.36000061035156 0
1774198369424 68.40999603271484 0
1774198811091 68.40999603271484 0
1774199252082 68.40999603271484 0
1774199695049 68.40999603271484 0
1774200136251 68.40999603271484 0
1774200579257 68.40999603271484 0
1774201020658 68.40999603271484 0
1774201462704 68.40999603271484 0
1774201905053 68.40999603271484 0
1774202346552 68.40999603271484 0
1774202787794 68.40999603271484 0
1774203228833 68.40999603271484 0
1774203670719 68.40999603271484 0
1774204112565 68.40999603271484 0
1774204554558 68.40999603271484 0
1774204995699 68.40999603271484 0
1774205436975 68.40999603271484 0
1774205877969 68.40999603271484 0
1774206319085 68.40999603271484 0
1774206760571 68.40999603271484 0
1774207202119 68.40999603271484 0
1774207643263 68.40999603271484 0
1774208085515 68.40999603271484 0
1774208526551 68.40999603271484 0
1774208968623 68.40999603271484 0
1774209409512 68.56999969482422 0
1774209850444 68.56999969482422 0
1774210291582 68.56999969482422 0
1774210732653 68.56999969482422 0
1774211174070 68.56999969482422 0
1774211614843 68.56999969482422 0
1774212057106 68.56999969482422 0
1774212497395 68.56999969482422 0
1774212940249 68.56999969482422 0
1774213381136 68.56999969482422 0
1774213822344 68.56999969482422 0
1774214263348 68.56999969482422 0
1774214704419 68.56999969482422 0
1774215145377 68.56999969482422 0
1774215586267 68.56999969482422 0
1774216028287 68.56999969482422 0
1774216467715 68.56999969482422 0
1774216911020 68.56999969482422 0
1774217351115 68.56999969482422 0
1774217792955 68.56999969482422 0
1774218233972 68.56999969482422 0
1774218675088 68.56999969482422 0
1774219116194 68.56999969482422 0
1774219557304 68.56999969482422 0
1774219999883 68.56999969482422 0
1774220439209 68.56999969482422 0
1774220882841 68.56999969482422 0
1774221321786 68.56999969482422 0
1774221764371 68.56999969482422 0
1774222205152 68.56999969482422 0
1774222645293 68.56999969482422 0
1774223086164 68.56999969482422 0
1774223526796 68.56999969482422 0
1774223969256 68.56999969482422 0
1774224408244 68.56999969482422 0
1774224851559 68.56999969482422 0
1774225289821 68.56999969482422 0
1774225733157 68.56999969482422 0
1774226173703 68.56999969482422 0
1774226615443 68.56999969482422 0
1774227056784 68.56999969482422 0
1774227497778 68.56999969482422 0
1774227941727 68.58999633789062 0
1774228381026 68.58999633789062 0
1774228824704 68.58999633789062 0
1774229263026 68.58999633789062 0
1774229706546 68.58999633789062 0
1774230146120 68.58999633789062 0
1774230588949 68.58999633789062 0
1774231030918 68.58999633789062 0
1774231472286 68.58999633789062 0
1774231916255 68.58999633789062 0
1774232356683 68.63999938964844 0
1774232802593 68.63999938964844 0
1774233182653 68.63999938964844 0
1774233515982 68.63999938964844 0
1774233847334 68.63999938964844 0
1774234180965 68.63999938964844 0
1774234514033 68.63999938964844 0
1774234846113 68.63999938964844 0
1774235179896 68.63999938964844 0
1774235511168 68.63999938964844 0
1774235845390 68.63999938964844 0
1774236176814 68.63999938964844 0
1774236511110 68.63999938964844 0
1774236842077 68.63999938964844 0
1774237176112 68.63999938964844 0
1774237508423 68.63999938964844 0
1774237842449 68.63999938964844 0
1774238177252 68.63999938964844 0
1774238509464 68.63999938964844 0
1774238844412 68.63999938964844 0
1774239176632 68.63999938964844 0
1774239511583 68.63999938964844 0
1774239843797 68.63999938964844 0
1774240178641 68.63999938964844 0
1774240510831 68.63999938964844 0
1774240845736 68.63999938964844 0
1774241179384 68.63999938964844 0
1774241512744 68.63999938964844 0
1774241847601 68.63999938964844 0
1774242179798 68.63999938964844 0
1774242514704 68.63999938964844 0
1774242846781 68.63999938964844 0
1774243181618 68.63999938964844 0
1774243513704 68.63999938964844 0
1774243848499 68.63999938964844 0
1774244180979 68.63999938964844 0
1774244515087 68.63999938964844 0
1774244848931 68.63999938964844 0
1774245181071 68.63999938964844 0
1774245515929 68.63999938964844 0
1774245848160 68.63999938964844 0
1774246183148 68.63999938964844 0
1774246515467 68.63999938964844 0
1774246850501 68.63999938964844 0
1774247183202 68.63999938964844 0
1774247519230 68.63999938964844 0
1774247853471 68.63999938964844 0
1774248188157 68.63999938964844 0
1774248524232 68.63999938964844 0
1774248857495 68.63999938964844 0
1774249193467 68.63999938964844 0
1774249526679 68.63999938964844 0
1774249862686 68.63999938964844 0
1774250195931 68.63999938964844 0
1774250531810 68.63999938964844 0
1774250865058 68.63999938964844 0
1774251201001 68.63999938964844 0
