1774169816005 8.362889570922851 1
1774170146403 8.462302315368653 2
1774170477263 8.146606705322265 3
1774170807445 7.804980486755371 4
1774171140027 7.426117274780274 5
1774171467846 7.132602698364257 6
1774171800668 6.7684460997009275 7
1774172229279 6.50269361831665 8
1774172672284 6.187267796096802 9
1774173115250 5.965941743469238 10
1774173557662 5.655151607513428 11
1774174000615 5.444563309020996 12
1774174442919 5.177117933044434 13
1774174887762 4.937965896148682 14
1774175327627 4.737195648956299 15
1774175771910 4.54151655166626 16
1774176212946 4.381198871765137 17
1774176656231 4.19841748298645 18
1774177099205 4.058004594573974 19
1774177541459 3.86398608291626 20
1774177983257 3.7193215519714355 21
1774178424418 3.5926872480010985 22
1774178868521 3.462454166107178 23
1774179307755 3.2865950867462157 24
1774179751891 3.1834177346801757 25
1774180192914 3.02345358795166 26
1774180634870 2.8957907133483887 27
1774181077032 2.805461977005005 28
1774181519236 2.685144821472168 29
1774181961941 2.5907221965026856 30
1774182404774 2.4901488959503175 31
1774182849589 1.927407197189331 32
1774183289597 1.8189900788116455 33
1774183734529 1.7354539726257325 34
1774184175807 1.6946695356750487 35
1774184619268 1.6170628414154053 36
1774185061510 1.5536209254455566 37
1774185504549 1.5145805200958251 38
1774185946766 1.2788180834197997 39
1774186388943 1.2368605583572387 40
1774186833869 1.2161039583778381 41
1774187273843 1.179107437286377 42
1774187718806 1.1555669389343262 43
1774188160290 1.1606981629943847 44
1774188603239 1.023578194999695 45
1774189045713 1.0119534521865845 46
1774189488451 0.9725751065063477 47
1774189930405 0.9759493986701966 48
1774190372507 0.9654521752166748 49
1774190817501 0.9748284120559693 50
1774191258159 0.9117329221343994 51
1774191704082 0.888795058631897 52
1774192146191 0.8895857489395141 53
1774192589088 0.8533630847549438 54
1774193030534 0.8676850586128235 55
1774193471770 0.8577815366363526 56
1774193913580 0.8326113843822479 57
1774194356526 0.8391122772598266 58
1774194800315 0.8256225216865539 59
1774195240258 0.8139227710342407 60
1774195684746 0.8038219424152374 61
1774196125088 0.8367052440261841 62
1774196567474 0.8195857147598267 63
1774197008806 0.8152278199195861 64
1774197450278 0.7791100464630127 65
1774197891985 0.806796569519043 66
1774198333437 0.808132203655243 67
1774198775327 0.7982544439697266 68
1774199216088 0.8041323136329651 69
1774199659666 0.7851020398330688 70
1774200101003 0.7904409759330749 71
1774200543267 0.7740833753585815 72
1774200984680 0.8086502318668366 73
1774201426735 0.792918735408783 74
1774201869050 0.7747279807662963 75
1774202310535 0.786173105430603 76
1774202751838 0.7804540097427368 77
1774203192831 0.7767218104362488 78
1774203635375 0.7818563389205933 79
1774204077289 0.7888717332077027 80
1774204518895 0.798747614364624 81
1774204959709 0.7805618385601044 82
1774205400984 0.7847452975082397 83
1774205841989 0.7974710132789612 84
1774206283100 0.7760704609107971 85
1774206724583 0.8096122253417969 86
1774207166101 0.778105293674469 87
1774207607550 0.790118062324524 88
1774208050238 0.7597045510196686 89
1774208491171 0.7919808950614929 90
1774208932601 0.8016381620025634 91
1774209373525 0.7991493630599975 92
1774209814441 0.7706916624927521 93
1774210255601 0.7779080241012574 94
1774210696643 0.7940798084068298 95
1774211138089 0.7881062573623657 96
1774211578869 0.7493855095481873 97
1774212021796 0.7793121265220642 98
1774212462050 0.7612330706691742 99
1774212904268 0.7945032583045959 100
1774213345284 0.7986857273483277 101
1774213786352 0.7702915192222595 102
1774214227375 0.7982861897182465 103
1774214668448 0.7882390924453735 104
1774215109416 0.7953377265548706 105
1774215550283 0.8049918958473206 106
1774215992936 0.7917850563049317 107
1774216432180 0.7831876046562195 108
1774216875051 0.8058034336090087 109
1774217315759 0.7414834020805359 110
1774217756944 0.7888212789154053 111
1774218197969 0.7916838984680176 112
1774218639112 0.7708218872451782 113
1774219080317 0.7965671714019775 114
1774219521310 0.7787433396911622 115
1774219964557 0.7842986271286011 116
1774220403245 0.8066093807697297 117
1774220846837 0.8046644048595428 118
1774221286514 0.802270453491211 119
1774221728394 0.780588800239563 120
1774222169167 0.7880769106864929 121
1774222609322 0.8073833796310425 122
1774223050507 0.7826986150932312 123
1774223490791 0.7712314105510711 124
1774223933891 0.8048253335475921 125
1774224372269 0.7581104392433167 126
1774224815598 0.7494745007419586 127
1774225254459 0.7988797694015503 128
1774225697164 0.7606075617980957 129
1774226138324 0.7918614846992492 130
1774226579436 0.7833644885826111 131
1774227021261 0.7727240437889099 132
1774227461786 0.7872280192708969 133
1774227906386 0.7926214322090149 134
1774228345036 0.7704070185089111 135
1774228788731 0.765567263636589 136
1774229227053 0.768251190252304 137
1774229670550 0.7648362016677857 138
1774230110837 0.7974046640396119 139
1774230552914 0.7914204769420624 140
1774230995419 0.7617743177223205 141
1774231436305 0.7490031316375733 142
1774231880929 0.794653925409317 143
1774232320668 0.7798701884651185 144
1774232766571 0.7937232642745972 145
1774233155713 0.7889341206645966 146
1774233489030 0.7900274075317383 147
1774233821109 0.7866185873794556 148
1774234154001 0.7524106141424179 149
1774234487700 0.7792184180259705 150
1774234819171 0.7748578978347779 151
1774235152940 0.8001759989738464 152
1774235484171 0.7776420241546631 153
1774235818425 0.7876411641693115 154
1774236149821 0.7796397941398621 155
1774236484132 0.7744553316497803 156
1774236815120 0.7606769018363952 157
1774237149153 0.786722907485962 158
1774237482202 0.776650618133545 159
1774237815450 0.7545922664928436 160
1774238150264 0.7756627042770385 161
1774238482442 0.7789853134441376 162
1774238817397 0.7867566411876679 163
1774239149619 0.7754527201271058 164
1774239484566 0.76996319606781 165
1774239816793 0.7762695921134949 166
1774240151633 0.7917249389648437 167
1774240484206 0.7751981589698792 168
1774240818747 0.7816570865631104 169
1774241153022 0.7860420015716553 170
1774241485748 0.8033675012302399 171
1774241820603 0.7832568153095245 172
1774242152804 0.7973959410476684 173
1774242487696 0.7627397521305084 174
1774242819804 0.7695823574829102 175
1774243154621 0.7618892544937134 176
1774243486729 0.7823859947013855 177
1774243821510 0.7758157844543457 178
1774244154607 0.7804729808044434 179
1774244488126 0.7725040767002106 180
1774244822503 0.7692260824584961 181
1774245154050 0.7785365002059936 182
1774245488917 0.7859543588256835 183
1774245821103 0.799800675163269 184
1774246156125 0.7701586097717286 185
1774246488462 0.7606041555690766 186
1774246823468 0.7821994548034668 187
1774247156009 0.7761437964725494 188
1774247492024 0.763127569694519 189
1774247826930 0.7558645894813537 190
1774248160984 0.8046792312622071 191
1774248496933 0.7614394146347045 192
1774248830268 0.7640329905509948 193
1774249166245 0.7654126208877563 194
1774249499452 0.7840989399719238 195
1774249835453 0.7627449615097046 196
1774250168722 0.7862386261558533 197
1774250504599 0.7698437878227233 198
1774250838169 0.7599952513504028 199
1774251173789 0.7802748107147217 200
