1774169842910 0.001 1
1774170173374 0.001 2
1774170504290 0.001 3
1774170834439 0.001 4
1774171166354 0.001 5
1774171494819 0.001 6
1774171827645 0.001 7
1774172264469 0.001 8
1774172708219 0.001 9
1774173151156 0.001 10
1774173593572 0.001 11
1774174036512 0.001 12
1774174478843 0.001 13
1774174923084 0.001 14
1774175363434 0.001 15
1774175807981 0.001 16
1774176248238 0.001 17
1774176692135 0.001 18
1774177135346 0.001 19
1774177577522 0.001 20
1774178019192 0.001 21
1774178460586 0.001 22
1774178904092 0.001 23
1774179343960 0.001 24
1774179788148 0.001 25
1774180228333 0.001 26
1774180671107 0.001 27
1774181113079 0.001 28
1774181555446 0.001 29
1774181997956 0.001 30
1774182441040 0.0005 31
1774182885150 0.0005 32
1774183325804 0.0005 33
1774183770584 0.0005 34
1774184211310 0.0005 35
1774184655316 0.0005 36
1774185097698 0.0005 37
1774185540572 0.00025 38
1774185982935 0.00025 39
1774186425126 0.00025 40
1774186869242 0.00025 41
1774187309909 0.00025 42
1774187754833 0.00025 43
1774188195590 0.000125 44
1774188639491 0.000125 45
1774189081955 0.000125 46
1774189524500 0.000125 47
1774189966433 0.000125 48
1774190408571 0.000125 49
1774190852844 6.25e-05 50
1774191294177 6.25e-05 51
1774191740403 6.25e-05 52
1774192181433 6.25e-05 53
1774192625065 6.25e-05 54
1774193066517 6.25e-05 55
1774193507781 3.125e-05 56
1774193949814 3.125e-05 57
1774194392735 3.125e-05 58
1774194835669 3.125e-05 59
1774195276414 3.125e-05 60
1774195720393 3.125e-05 61
1774196160385 1.5625e-05 62
1774196603467 1.5625e-05 63
1774197044843 1.5625e-05 64
1774197486264 1.5625e-05 65
1774197927974 1.5625e-05 66
1774198369630 1.5625e-05 67
1774198811092 7.8125e-06 68
1774199252083 7.8125e-06 69
1774199695050 7.8125e-06 70
1774200136252 7.8125e-06 71
1774200579259 7.8125e-06 72
1774201020659 7.8125e-06 73
1774201462705 3.90625e-06 74
1774201905054 3.90625e-06 75
1774202346554 3.90625e-06 76
1774202787796 3.90625e-06 77
1774203228834 3.90625e-06 78
1774203670720 3.90625e-06 79
1774204112566 1.953125e-06 80
1774204554559 1.953125e-06 81
1774204995700 1.953125e-06 82
1774205436977 1.953125e-06 83
1774205877970 1.953125e-06 84
1774206319086 1.953125e-06 85
1774206760572 9.765625e-07 86
1774207202122 9.765625e-07 87
1774207643264 9.765625e-07 88
1774208085517 9.765625e-07 89
1774208526552 9.765625e-07 90
1774208968624 9.765625e-07 91
1774209409718 4.8828125e-07 92
1774209850445 4.8828125e-07 93
1774210291583 4.8828125e-07 94
1774210732654 4.8828125e-07 95
1774211174071 4.8828125e-07 96
1774211614845 4.8828125e-07 97
1774212057108 2.44140625e-07 98
1774212497396 2.44140625e-07 99
1774212940250 2.44140625e-07 100
1774213381137 2.44140625e-07 101
1774213822345 2.44140625e-07 102
1774214263350 2.44140625e-07 103
1774214704420 1.220703125e-07 104
1774215145378 1.220703125e-07 105
1774215586268 1.220703125e-07 106
1774216028288 1.220703125e-07 107
1774216467717 1.220703125e-07 108
1774216911021 1.220703125e-07 109
1774217351116 6.103515625e-08 110
1774217792957 6.103515625e-08 111
1774218233973 6.103515625e-08 112
1774218675089 6.103515625e-08 113
1774219116196 6.103515625e-08 114
1774219557307 6.103515625e-08 115
1774219999884 3.0517578125e-08 116
1774220439210 3.0517578125e-08 117
1774220882842 3.0517578125e-08 118
1774221321787 3.0517578125e-08 119
1774221764373 3.0517578125e-08 120
1774222205154 3.0517578125e-08 121
1774222645295 1.52587890625e-08 122
1774223086166 1.52587890625e-08 123
1774223526797 1.52587890625e-08 124
1774223969257 1.52587890625e-08 125
1774224408246 1.52587890625e-08 126
1774224851560 1.52587890625e-08 127
1774225289822 1.52587890625e-08 128
1774225733159 1.52587890625e-08 129
1774226173705 1.52587890625e-08 130
1774226615444 1.52587890625e-08 131
1774227056786 1.52587890625e-08 132
1774227497779 1.52587890625e-08 133
1774227941899 1.52587890625e-08 134
1774228381027 1.52587890625e-08 135
1774228824705 1.52587890625e-08 136
1774229263027 1.52587890625e-08 137
1774229706547 1.52587890625e-08 138
1774230146121 1.52587890625e-08 139
1774230588951 1.52587890625e-08 140
1774231030919 1.52587890625e-08 141
1774231472287 1.52587890625e-08 142
1774231916256 1.52587890625e-08 143
1774232356837 1.52587890625e-08 144
1774232802595 1.52587890625e-08 145
1774233182654 1.52587890625e-08 146
1774233515984 1.52587890625e-08 147
1774233847335 1.52587890625e-08 148
1774234180967 1.52587890625e-08 149
1774234514035 1.52587890625e-08 150
1774234846115 1.52587890625e-08 151
1774235179897 1.52587890625e-08 152
1774235511170 1.52587890625e-08 153
1774235845391 1.52587890625e-08 154
1774236176816 1.52587890625e-08 155
1774236511111 1.52587890625e-08 156
1774236842078 1.52587890625e-08 157
1774237176114 1.52587890625e-08 158
1774237508425 1.52587890625e-08 159
1774237842450 1.52587890625e-08 160
1774238177253 1.52587890625e-08 161
1774238509465 1.52587890625e-08 162
1774238844413 1.52587890625e-08 163
1774239176633 1.52587890625e-08 164
1774239511584 1.52587890625e-08 165
1774239843798 1.52587890625e-08 166
1774240178643 1.52587890625e-08 167
1774240510832 1.52587890625e-08 168
1774240845738 1.52587890625e-08 169
1774241179385 1.52587890625e-08 170
1774241512745 1.52587890625e-08 171
1774241847603 1.52587890625e-08 172
1774242179800 1.52587890625e-08 173
1774242514706 1.52587890625e-08 174
1774242846783 1.52587890625e-08 175
1774243181620 1.52587890625e-08 176
1774243513706 1.52587890625e-08 177
1774243848500 1.52587890625e-08 178
1774244180982 1.52587890625e-08 179
1774244515089 1.52587890625e-08 180
1774244848932 1.52587890625e-08 181
1774245181073 1.52587890625e-08 182
1774245515930 1.52587890625e-08 183
1774245848162 1.52587890625e-08 184
1774246183149 1.52587890625e-08 185
1774246515468 1.52587890625e-08 186
1774246850502 1.52587890625e-08 187
1774247183203 1.52587890625e-08 188
1774247519233 1.52587890625e-08 189
1774247853473 1.52587890625e-08 190
1774248188158 1.52587890625e-08 191
1774248524234 1.52587890625e-08 192
1774248857497 1.52587890625e-08 193
1774249193469 1.52587890625e-08 194
1774249526681 1.52587890625e-08 195
1774249862687 1.52587890625e-08 196
1774250195933 1.52587890625e-08 197
1774250531812 1.52587890625e-08 198
1774250865059 1.52587890625e-08 199
1774251201002 1.52587890625e-08 200
