1774172248065 5.822000026702881 1
1774172692302 10.777999877929688 2
1774173135808 15.429999351501465 3
1774173579167 19.921998977661133 4
1774174022688 23.236000061035156 5
1774174465975 26.76599884033203 6
1774174911178 29.43199920654297 7
1774175352794 32.15399932861328 8
1774175798980 34.167999267578125 9
1774176241195 36.37999725341797 10
1774176685936 38.323997497558594 11
1774177129509 40.03999710083008 12
1774177573078 41.29199981689453 13
1774178016650 42.69199752807617 14
1774178459685 44.30999755859375 15
1774178904505 45.37799835205078 16
1774179346312 46.90599822998047 17
1774179792182 47.959999084472656 18
1774180234189 49.1719970703125 19
1774180678773 50.14799880981445 20
1774181122408 51.1719970703125 21
1774181566210 52.571998596191406 22
1774182009716 52.965999603271484 23
1774182453227 54.1619987487793 24
1774182897982 54.95399856567383 25
1774183340243 55.57999801635742 26
1774183786698 56.56999969482422 27
1774184228569 57.29800033569336 28
1774184673760 58.33599853515625 29
1774185117219 58.68000030517578 30
1774185560618 59.79999923706055 31
1774186004174 60.2859992980957 32
1774186447715 60.98999786376953 33
1774186892073 64.41999816894531 34
1774187334969 65.33399963378906 35
1774187781292 65.72599792480469 36
1774188222687 66.45399475097656 37
1774188668082 66.99800109863281 38
1774189111670 67.61199951171875 39
1774189554962 68.00599670410156 40
1774189998510 68.31199645996094 41
1774190441890 70.32799530029297 42
1774190886190 70.79000091552734 43
1774191328927 71.16999816894531 44
1774191775342 71.447998046875 45
1774192216071 71.93599700927734 46
1774192661314 71.96599578857422 47
1774193103490 72.21599578857422 48
1774193546593 72.71599578857422 49
1774193989780 72.76200103759766 50
1774194432603 73.75599670410156 51
1774194875846 74.18000030517578 52
1774195318650 74.27399444580078 53
1774195763623 74.58000183105469 54
1774196204938 74.66400146484375 55
1774196650579 74.9020004272461 56
1774197092983 75.28799438476562 57
1774197536667 75.84400177001953 58
1774197979796 75.73600006103516 59
1774198422968 75.6500015258789 60
1774198866294 75.64199829101562 61
1774199308912 75.98400115966797 62
1774199752302 76.08799743652344 63
1774200195256 76.1240005493164 64
1774200640437 76.18799591064453 65
1774201083694 76.41400146484375 66
1774201527531 76.47000122070312 67
1774201970969 76.56399536132812 68
1774202413945 76.66199493408203 69
1774202856633 76.5479965209961 70
1774203299689 76.65999603271484 71
1774203742769 76.65799713134766 72
1774204185233 76.7699966430664 73
1774204629259 76.88399505615234 74
1774205072882 77.00599670410156 75
1774205516722 76.55400085449219 76
1774205959825 76.92599487304688 77
1774206402819 76.69999694824219 78
1774206845857 76.93599700927734 79
1774207288917 76.88399505615234 80
1774207731906 76.91199493408203 81
1774208174582 76.87799835205078 82
1774208617283 76.90999603271484 83
1774209061868 76.95800018310547 84
1774209504613 76.81999969482422 85
1774209948277 76.97200012207031 86
1774210391063 76.90799713134766 87
1774210834011 76.78199768066406 88
1774211276750 77.01200103759766 89
1774211719346 76.93999481201172 90
1774212161664 77.16400146484375 91
1774212604244 77.08399963378906 92
1774213048216 76.9000015258789 93
1774213490181 76.8499984741211 94
1774213935162 76.95199584960938 95
1774214377645 76.8479995727539 96
1774214820900 76.90799713134766 97
1774215263634 77.0199966430664 98
1774215706397 77.09600067138672 99
1774216148924 76.70199584960938 100
1774216591751 76.8479995727539 101
1774217035568 77.00799560546875 102
1774217477349 77.08200073242188 103
1774217922638 77.05999755859375 104
1774218363952 77.08999633789062 105
1774218808604 77.14799499511719 106
1774219251329 76.86799621582031 107
1774219694258 77.10399627685547 108
1774220136947 76.88999938964844 109
1774220579803 76.81999969482422 110
1774221023600 77.44200134277344 111
1774221465424 77.12999725341797 112
1774221910780 76.98199462890625 113
1774222350040 77.1780014038086 114
1774222794895 77.12999725341797 115
1774223236390 77.1500015258789 116
1774223679693 77.29399871826172 117
1774224122096 77.12200164794922 118
1774224564784 77.16199493408203 119
1774225008227 77.50199890136719 120
1774225450119 77.09600067138672 121
1774225895452 77.08399963378906 122
1774226335225 76.89799499511719 123
1774226780860 77.00399780273438 124
1774227221734 77.07799530029297 125
1774227666420 76.9020004272461 126
1774228109011 76.95600128173828 127
1774228551953 76.85399627685547 128
1774228995594 77.22000122070312 129
1774229437693 77.08399963378906 130
1774229883394 76.83799743652344 131
1774230323396 77.09199523925781 132
1774230769180 76.95800018310547 133
1774231209200 77.17599487304688 134
1774231655088 77.1780014038086 135
1774232097177 77.11199951171875 136
1774232541573 76.90599822998047 137
1774232984032 77.18199920654297 138
1774233322476 77.20600128173828 139
1774233657038 77.19599914550781 140
1774233989063 77.08399963378906 141
1774234323683 77.2699966430664 142
1774234655711 76.95399475097656 143
1774234990371 76.84199523925781 144
1774235322593 77.0260009765625 145
1774235657278 76.9739990234375 146
1774235991258 76.91199493408203 147
1774236324027 77.17599487304688 148
1774236658783 77.08000183105469 149
1774236990248 77.07599639892578 150
1774237325102 76.69200134277344 151
1774237657336 77.11799621582031 152
1774237992475 77.03799438476562 153
1774238324849 76.83799743652344 154
1774238660089 76.70600128173828 155
1774238993173 76.70600128173828 156
1774239327623 76.73999786376953 157
1774239662624 76.99199676513672 158
1774239995286 77.30999755859375 159
1774240330334 76.90599822998047 160
1774240662719 77.04000091552734 161
1774240997743 77.00999450683594 162
1774241330057 77.0479965209961 163
1774241665091 76.88600158691406 164
1774241997438 76.9679946899414 165
1774242332596 77.06199645996094 166
1774242666250 77.01200103759766 167
1774243000014 76.9739990234375 168
1774243335164 76.95999908447266 169
1774243667467 76.90999603271484 170
1774244002541 77.17399597167969 171
1774244334463 76.90399932861328 172
1774244669347 77.07799530029297 173
1774245001082 77.32799530029297 174
1774245336075 76.97599792480469 175
1774245668394 77.08399963378906 176
1774246003402 76.77399444580078 177
1774246337824 76.91199493408203 178
1774246671142 77.10800170898438 179
1774247006282 76.98600006103516 180
1774247340044 76.92399597167969 181
1774247676879 76.88999938964844 182
1774248010694 76.81199645996094 183
1774248347496 77.16400146484375 184
1774248681695 76.99800109863281 185
1774249018449 77.20600128173828 186
1774249353213 77.23400115966797 187
1774249689565 77.08200073242188 188
1774250025755 77.25 189
1774250360134 76.98999786376953 190
1774250696929 77.2719955444336 191
1774251031070 77.0199966430664 192
1774251363774 76.96599578857422 193
1774251697598 76.90999603271484 194
1774252034061 76.9959945678711 195
1774252367993 76.97799682617188 196
1774252704292 76.9939956665039 197
1774253038676 77.00599670410156 198
1774253374100 77.23400115966797 199
1774253710323 77.15999603271484 200
