1774172283077 10.109999656677246 0
1774172728080 14.460000038146973 0
1774173171579 19.869998931884766 0
1774173614945 24.51999855041504 0
1774174058452 28.40999984741211 0
1774174501747 30.920000076293945 0
1774174946236 33.70000076293945 0
1774175388637 36.02000045776367 0
1774175834798 38.40999984741211 0
1774176276301 38.68000030517578 0
1774176721939 41.71999740600586 0
1774177165361 41.98999786376953 0
1774177609017 44.25 0
1774178052605 44.849998474121094 0
1774178495641 45.87999725341797 0
1774178939881 46.87999725341797 0
1774179382430 48.52000045776367 0
1774179828363 48.55999755859375 0
1774180269593 49.05999755859375 0
1774180714898 50.439998626708984 0
1774181158566 51.62999725341797 0
1774181602349 51.62999725341797 0
1774182045860 52.03999710083008 0
1774182489357 53.0 0
1774182933439 53.0 0
1774183376382 54.02000045776367 0
1774183822697 55.05999755859375 0
1774184263977 55.05999755859375 0
1774184709882 55.43000030517578 0
1774185153009 55.43000030517578 0
1774185596761 56.099998474121094 0
1774186040272 56.53999710083008 0
1774186483830 56.619998931884766 0
1774186927567 58.04999923706055 0
1774187371103 59.21999740600586 0
1774187816961 59.21999740600586 0
1774188258108 59.21999740600586 0
1774188704212 59.6099967956543 0
1774189147292 59.6099967956543 0
1774189591156 59.6099967956543 0
1774190034624 59.6099967956543 0
1774190478042 60.41999816894531 0
1774190921641 60.41999816894531 0
1774191365091 60.82999801635742 0
1774191810837 60.82999801635742 0
1774192251713 61.06999969482422 0
1774192697416 61.06999969482422 0
1774193138902 61.06999969482422 0
1774193582724 61.119998931884766 0
1774194025863 61.119998931884766 0
1774194468740 61.34000015258789 0
1774194911949 61.55999755859375 0
1774195354749 61.57999801635742 0
1774195799002 61.57999801635742 0
1774196240863 61.57999801635742 0
1774196686683 61.57999801635742 0
1774197128381 61.73999786376953 0
1774197572732 61.73999786376953 0
1774198015965 61.769996643066406 0
1774198459041 61.87999725341797 0
1774198902459 61.87999725341797 0
1774199345001 61.87999725341797 0
1774199788116 61.91999816894531 0
1774200231318 61.91999816894531 0
1774200675944 61.94999694824219 0
1774201119128 61.94999694824219 0
1774201563665 62.22999954223633 0
1774202007120 62.22999954223633 0
1774202450048 62.22999954223633 0
1774202892744 62.22999954223633 0
1774203335764 62.22999954223633 0
1774203778836 62.22999954223633 0
1774204221416 62.22999954223633 0
1774204664649 62.22999954223633 0
1774205108219 62.22999954223633 0
1774205552226 62.22999954223633 0
1774205995903 62.22999954223633 0
1774206438905 62.22999954223633 0
1774206881956 62.22999954223633 0
1774207325014 62.22999954223633 0
1774207767992 62.22999954223633 0
1774208210669 62.22999954223633 0
1774208653341 62.22999954223633 0
1774209097168 62.22999954223633 0
1774209539946 62.22999954223633 0
1774209984356 62.22999954223633 0
1774210427133 62.22999954223633 0
1774210870044 62.22999954223633 0
1774211312831 62.22999954223633 0
1774211755405 62.22999954223633 0
1774212197727 62.22999954223633 0
1774212640357 62.22999954223633 0
1774213083568 62.22999954223633 0
1774213525810 62.22999954223633 0
1774213971235 62.22999954223633 0
1774214413096 62.22999954223633 0
1774214856988 62.22999954223633 0
1774215299694 62.22999954223633 0
1774215742482 62.22999954223633 0
1774216184992 62.22999954223633 0
1774216627810 62.22999954223633 0
1774217070935 62.22999954223633 0
1774217513417 62.22999954223633 0
1774217958681 62.22999954223633 0
1774218399394 62.22999954223633 0
1774218844681 62.22999954223633 0
1774219286946 62.22999954223633 0
1774219730321 62.22999954223633 0
1774220172987 62.22999954223633 0
1774220615845 62.22999954223633 0
1774221058975 62.22999954223633 0
1774221501490 62.22999954223633 0
1774221946621 62.22999954223633 0
1774222386094 62.22999954223633 0
1774222830959 62.22999954223633 0
1774223271730 62.22999954223633 0
1774223715745 62.22999954223633 0
1774224158175 62.22999954223633 0
1774224600867 62.22999954223633 0
1774225043619 62.22999954223633 0
1774225486171 62.22999954223633 0
1774225931173 62.22999954223633 0
1774226371297 62.22999954223633 0
1774226816958 62.22999954223633 0
1774227256924 62.22999954223633 0
1774227702563 62.22999954223633 0
1774228144445 62.22999954223633 0
1774228588044 62.22999954223633 0
1774229030947 62.22999954223633 0
1774229473746 62.22999954223633 0
1774229918906 62.22999954223633 0
1774230359473 62.22999954223633 0
1774230805229 62.22999954223633 0
1774231245345 62.22999954223633 0
1774231691175 62.22999954223633 0
1774232132633 62.22999954223633 0
1774232577872 62.22999954223633 0
1774233017257 62.22999954223633 0
1774233349520 62.22999954223633 0
1774233684060 62.22999954223633 0
1774234016027 62.22999954223633 0
1774234350728 62.22999954223633 0
1774234682749 62.22999954223633 0
1774235017383 62.22999954223633 0
1774235349486 62.22999954223633 0
1774235684263 62.22999954223633 0
1774236017531 62.22999954223633 0
1774236351079 62.22999954223633 0
1774236685808 62.22999954223633 0
1774237017285 62.22999954223633 0
1774237352136 62.22999954223633 0
1774237684509 62.22999954223633 0
1774238019601 62.22999954223633 0
1774238351973 62.22999954223633 0
1774238687213 62.22999954223633 0
1774239019578 62.22999954223633 0
1774239354801 62.22999954223633 0
1774239689124 62.22999954223633 0
1774240022425 62.22999954223633 0
1774240357486 62.22999954223633 0
1774240689807 62.22999954223633 0
1774241024792 62.22999954223633 0
1774241357153 62.22999954223633 0
1774241692152 62.22999954223633 0
1774242024545 62.22999954223633 0
1774242359757 62.22999954223633 0
1774242692655 62.22999954223633 0
1774243027154 62.22999954223633 0
1774243361920 62.22999954223633 0
1774243694575 62.22999954223633 0
1774244029656 62.22999954223633 0
1774244361554 62.22999954223633 0
1774244696377 62.22999954223633 0
1774245028218 62.22999954223633 0
1774245363159 62.22999954223633 0
1774245695459 62.22999954223633 0
1774246030598 62.22999954223633 0
1774246364153 62.22999954223633 0
1774246698228 62.22999954223633 0
1774247033434 62.22999954223633 0
1774247367543 62.22999954223633 0
1774247704334 62.22999954223633 0
1774248038247 62.22999954223633 0
1774248375011 62.22999954223633 0
1774248709169 62.22999954223633 0
1774249046000 62.22999954223633 0
1774249380315 62.22999954223633 0
1774249717024 62.22999954223633 0
1774250052613 62.22999954223633 0
1774250387682 62.22999954223633 0
1774250724404 62.22999954223633 0
1774251058543 62.22999954223633 0
1774251391273 62.22999954223633 0
1774251725103 62.22999954223633 0
1774252061487 62.22999954223633 0
1774252395417 62.22999954223633 0
1774252731681 62.22999954223633 0
1774253065394 62.22999954223633 0
1774253401513 62.22999954223633 0
1774253737186 62.22999954223633 0
