1774172248067 8.24810084854126 1
1774172692305 8.35811563079834 2
1774173135811 8.256416690673829 3
1774173579168 8.117790277404785 4
1774174022692 8.001065504760742 5
1774174465978 7.720358020019531 6
1774174911180 7.509707797851562 7
1774175352796 7.285992501525879 8
1774175798981 7.098706305084229 9
1774176241196 6.8899253443908695 10
1774176685939 6.7198705882263186 11
1774177129511 6.543963298339844 12
1774177573080 6.41104052734375 13
1774178016652 6.218427594299317 14
1774178459686 6.097424817352295 15
1774178904507 5.943915271759034 16
1774179346314 5.780970820159912 17
1774179792185 5.65682484008789 18
1774180234191 5.5516970133972166 19
1774180678774 5.441457069091797 20
1774181122411 5.317060569763184 21
1774181566212 5.194514725494384 22
1774182009719 5.095768397979736 23
1774182453229 4.978722763366699 24
1774182897983 4.8526906498718265 25
1774183340247 4.799012957458496 26
1774183786701 4.701995859527588 27
1774184228572 4.5848037432098385 28
1774184673762 4.50085443435669 29
1774185117222 4.426547471618652 30
1774185560621 4.29043050704956 31
1774186004176 4.259337743225098 32
1774186447716 4.141155279006958 33
1774186892076 3.6502462993621827 34
1774187334972 3.573757364807129 35
1774187781294 3.5169292892456054 36
1774188222689 3.433002015838623 37
1774188668085 3.3741455226135253 38
1774189111671 3.3009753108978273 39
1774189554965 3.257190965881348 40
1774189998511 3.2089618865966796 41
1774190441893 2.9081276859283447 42
1774190886191 2.89545106010437 43
1774191328930 2.854735304412842 44
1774191775345 2.8071679662322997 45
1774192216074 2.773325743789673 46
1774192661318 2.719773233947754 47
1774193103493 2.7138400303649903 48
1774193546595 2.6628201997375487 49
1774193989782 2.6211284915924074 50
1774194432606 2.5046932447814942 51
1774194875849 2.486612006378174 52
1774195318652 2.468370772857666 53
1774195763625 2.4153655265045164 54
1774196204941 2.448548999481201 55
1774196650581 2.396964191246033 56
1774197092986 2.363698909263611 57
1774197536670 2.291457693939209 58
1774197979797 2.319982931060791 59
1774198422969 2.286109147644043 60
1774198866297 2.3018925822448733 61
1774199308914 2.284277937088013 62
1774199752304 2.256475072479248 63
1774200195258 2.2384861106109617 64
1774200640440 2.224110650024414 65
1774201083697 2.2361140502929686 66
1774201527534 2.1937826947021484 67
1774201970972 2.1869210411071776 68
1774202413948 2.214474046325684 69
1774202856634 2.196434935455322 70
1774203299692 2.189400484085083 71
1774203742771 2.2006511602020264 72
1774204185236 2.1801673002624513 73
1774204629260 2.1716606511688235 74
1774205072884 2.1878940338134765 75
1774205516725 2.2064367126464846 76
1774205959828 2.1678362879943847 77
1774206402820 2.1900366306304933 78
1774206845860 2.1598608961486816 79
1774207288919 2.1707143467712404 80
1774207731908 2.158442943267822 81
1774208174583 2.175165809173584 82
1774208617285 2.160242071838379 83
1774209061871 2.1837728746032714 84
1774209504615 2.158582687759399 85
1774209948279 2.162247610549927 86
1774210391065 2.1663931202697753 87
1774210834012 2.1790444232940676 88
1774211276751 2.1541468296813964 89
1774211719347 2.1613413056564332 90
1774212161666 2.1428917491912842 91
1774212604247 2.154738849945068 92
1774213048219 2.171016652259827 93
1774213490183 2.1453651612091065 94
1774213935165 2.16318819480896 95
1774214377646 2.152462079544067 96
1774214820902 2.1605150147247314 97
1774215263637 2.135881189651489 98
1774215706400 2.1506636169433593 99
1774216148927 2.164790388031006 100
1774216591753 2.172686832122803 101
1774217035570 2.1293402226257325 102
1774217477350 2.1429319383239744 103
1774217922641 2.1405865734481813 104
1774218363955 2.149557458648682 105
1774218808607 2.1332214390563964 106
1774219251331 2.164223826446533 107
1774219694260 2.141029040184021 108
1774220136950 2.1719497145843505 109
1774220579805 2.181096064605713 110
1774221023602 2.113239654006958 111
1774221465427 2.147901802482605 112
1774221910782 2.155516931915283 113
1774222350042 2.154707501564026 114
1774222794897 2.14813280166626 115
1774223236391 2.140662230987549 116
1774223679696 2.1078209606933593 117
1774224122098 2.1300402629852293 118
1774224564786 2.124538226776123 119
1774225008228 2.118277906951904 120
1774225450121 2.1558003607177736 121
1774225895456 2.1403993562316894 122
1774226335228 2.1488837035369874 123
1774226780863 2.1598162959289553 124
1774227221736 2.1446437879180906 125
1774227666423 2.166960338592529 126
1774228109013 2.144197542877197 127
1774228551956 2.1437245388793946 128
1774228995597 2.107136198768616 129
1774229437695 2.128683084754944 130
1774229883397 2.12698414855957 131
1774230323398 2.1437000483703614 132
1774230769182 2.154621181411743 133
1774231209202 2.1493065261840822 134
1774231655091 2.1402197386550905 135
1774232097179 2.1451292877960206 136
1774232541575 2.145838023147583 137
1774232984034 2.130313536376953 138
1774233322480 2.139669369277954 139
1774233657041 2.1405118140792845 140
1774233989064 2.130246513366699 141
1774234323684 2.1336708641052247 142
1774234655713 2.1318175662231447 143
1774234990372 2.151860332984924 144
1774235322595 2.140344274978638 145
1774235657279 2.1446447277069094 146
1774235991260 2.1580991314315794 147
1774236324031 2.154559857254028 148
1774236658784 2.145061185913086 149
1774236990252 2.1474540510177613 150
1774237325105 2.2042539825439453 151
1774237657340 2.1427669540405274 152
1774237992477 2.1664937116241454 153
1774238324853 2.153457825050354 154
1774238660090 2.1904420223236083 155
1774238993174 2.166435005569458 156
1774239327626 2.135901526489258 157
1774239662627 2.1565473303985594 158
1774239995289 2.115143217468262 159
1774240330337 2.15928068901062 160
1774240662722 2.1659211486053467 161
1774240997745 2.147689933853149 162
1774241330059 2.1424805002593996 163
1774241665093 2.139577558364868 164
1774241997440 2.1593161768341065 165
1774242332599 2.1297647759246825 166
1774242666253 2.1245009658813476 167
1774243000016 2.1618538192749024 168
1774243335167 2.1715993116760255 169
1774243667469 2.1609367488098146 170
1774244002543 2.1373253804779053 171
1774244334464 2.1769854234695436 172
1774244669348 2.1247787183380127 173
1774245001083 2.1376605309295655 174
1774245336078 2.1593657355117797 175
1774245668396 2.1590238278961182 176
1774246003405 2.1497049557876586 177
1774246337827 2.154024429168701 178
1774246671143 2.1536240618896483 179
1774247006284 2.1555960883331298 180
1774247340046 2.1397356061553956 181
1774247676881 2.1523053036880495 182
1774248010696 2.1483846656799317 183
1774248347498 2.126757650985718 184
1774248681697 2.153704331741333 185
1774249018450 2.1446687786865235 186
1774249353214 2.154869786758423 187
1774249689568 2.13193524597168 188
1774250025757 2.122748411026001 189
1774250360137 2.1433641786193847 190
1774250696933 2.1340208782196046 191
1774251031073 2.1411953205871583 192
1774251363776 2.1618959801864626 193
1774251697599 2.1629522035980226 194
1774252034064 2.1367234748840334 195
1774252367995 2.1428470936584474 196
1774252704296 2.157845683441162 197
1774253038678 2.139763479309082 198
1774253374103 2.1246872413635254 199
1774253710325 2.1204126654052735 200
