1774172283172 0.001 1
1774172728291 0.001 2
1774173171778 0.001 3
1774173615156 0.001 4
1774174058662 0.001 5
1774174501982 0.001 6
1774174946383 0.001 7
1774175388845 0.001 8
1774175834997 0.001 9
1774176276520 0.001 10
1774176722067 0.001 11
1774177165562 0.001 12
1774177609214 0.001 13
1774178052738 0.001 14
1774178495805 0.001 15
1774178940025 0.001 16
1774179382584 0.001 17
1774179828596 0.001 18
1774180269730 0.001 19
1774180715075 0.001 20
1774181158769 0.001 21
1774181602350 0.001 22
1774182046060 0.001 23
1774182489533 0.001 24
1774182933440 0.001 25
1774183376566 0.001 26
1774183822839 0.001 27
1774184263979 0.001 28
1774184710097 0.001 29
1774185153010 0.001 30
1774185596966 0.001 31
1774186040416 0.001 32
1774186484017 0.0005 33
1774186927785 0.0005 34
1774187371236 0.0005 35
1774187816962 0.0005 36
1774188258109 0.0005 37
1774188704376 0.0005 38
1774189147293 0.0005 39
1774189591157 0.0005 40
1774190034626 0.00025 41
1774190478231 0.00025 42
1774190921643 0.00025 43
1774191365236 0.00025 44
1774191810838 0.00025 45
1774192251874 0.00025 46
1774192697417 0.00025 47
1774193138903 0.00025 48
1774193582869 0.00025 49
1774194025864 0.000125 50
1774194468903 0.000125 51
1774194912161 0.000125 52
1774195354960 0.000125 53
1774195799003 0.000125 54
1774196240864 0.000125 55
1774196686685 6.25e-05 56
1774197128595 6.25e-05 57
1774197572733 6.25e-05 58
1774198016105 6.25e-05 59
1774198459261 6.25e-05 60
1774198902461 6.25e-05 61
1774199345002 3.125e-05 62
1774199788255 3.125e-05 63
1774200231320 3.125e-05 64
1774200676148 3.125e-05 65
1774201119129 3.125e-05 66
1774201563809 3.125e-05 67
1774202007122 1.5625e-05 68
1774202450049 1.5625e-05 69
1774202892745 1.5625e-05 70
1774203335766 1.5625e-05 71
1774203778838 1.5625e-05 72
1774204221418 1.5625e-05 73
1774204664650 7.8125e-06 74
1774205108221 7.8125e-06 75
1774205552228 7.8125e-06 76
1774205995904 7.8125e-06 77
1774206438907 7.8125e-06 78
1774206881958 7.8125e-06 79
1774207325015 3.90625e-06 80
1774207767993 3.90625e-06 81
1774208210670 3.90625e-06 82
1774208653343 3.90625e-06 83
1774209097169 3.90625e-06 84
1774209539947 3.90625e-06 85
1774209984358 1.953125e-06 86
1774210427135 1.953125e-06 87
1774210870045 1.953125e-06 88
1774211312832 1.953125e-06 89
1774211755406 1.953125e-06 90
1774212197728 1.953125e-06 91
1774212640359 9.765625e-07 92
1774213083569 9.765625e-07 93
1774213525811 9.765625e-07 94
1774213971237 9.765625e-07 95
1774214413097 9.765625e-07 96
1774214856989 9.765625e-07 97
1774215299695 4.8828125e-07 98
1774215742483 4.8828125e-07 99
1774216184994 4.8828125e-07 100
1774216627811 4.8828125e-07 101
1774217070937 4.8828125e-07 102
1774217513418 4.8828125e-07 103
1774217958683 2.44140625e-07 104
1774218399396 2.44140625e-07 105
1774218844683 2.44140625e-07 106
1774219286948 2.44140625e-07 107
1774219730322 2.44140625e-07 108
1774220172988 2.44140625e-07 109
1774220615846 1.220703125e-07 110
1774221058977 1.220703125e-07 111
1774221501491 1.220703125e-07 112
1774221946622 1.220703125e-07 113
1774222386095 1.220703125e-07 114
1774222830960 1.220703125e-07 115
1774223271732 6.103515625e-08 116
1774223715746 6.103515625e-08 117
1774224158177 6.103515625e-08 118
1774224600868 6.103515625e-08 119
1774225043620 6.103515625e-08 120
1774225486172 6.103515625e-08 121
1774225931174 3.0517578125e-08 122
1774226371298 3.0517578125e-08 123
1774226816959 3.0517578125e-08 124
1774227256925 3.0517578125e-08 125
1774227702564 3.0517578125e-08 126
1774228144446 3.0517578125e-08 127
1774228588045 1.52587890625e-08 128
1774229030949 1.52587890625e-08 129
1774229473747 1.52587890625e-08 130
1774229918908 1.52587890625e-08 131
1774230359474 1.52587890625e-08 132
1774230805231 1.52587890625e-08 133
1774231245346 1.52587890625e-08 134
1774231691176 1.52587890625e-08 135
1774232132634 1.52587890625e-08 136
1774232577874 1.52587890625e-08 137
1774233017258 1.52587890625e-08 138
1774233349521 1.52587890625e-08 139
1774233684061 1.52587890625e-08 140
1774234016028 1.52587890625e-08 141
1774234350729 1.52587890625e-08 142
1774234682750 1.52587890625e-08 143
1774235017384 1.52587890625e-08 144
1774235349487 1.52587890625e-08 145
1774235684264 1.52587890625e-08 146
1774236017532 1.52587890625e-08 147
1774236351080 1.52587890625e-08 148
1774236685809 1.52587890625e-08 149
1774237017287 1.52587890625e-08 150
1774237352138 1.52587890625e-08 151
1774237684510 1.52587890625e-08 152
1774238019602 1.52587890625e-08 153
1774238351974 1.52587890625e-08 154
1774238687214 1.52587890625e-08 155
1774239019580 1.52587890625e-08 156
1774239354802 1.52587890625e-08 157
1774239689125 1.52587890625e-08 158
1774240022426 1.52587890625e-08 159
1774240357487 1.52587890625e-08 160
1774240689808 1.52587890625e-08 161
1774241024793 1.52587890625e-08 162
1774241357154 1.52587890625e-08 163
1774241692155 1.52587890625e-08 164
1774242024547 1.52587890625e-08 165
1774242359758 1.52587890625e-08 166
1774242692657 1.52587890625e-08 167
1774243027156 1.52587890625e-08 168
1774243361921 1.52587890625e-08 169
1774243694576 1.52587890625e-08 170
1774244029657 1.52587890625e-08 171
1774244361556 1.52587890625e-08 172
1774244696379 1.52587890625e-08 173
1774245028219 1.52587890625e-08 174
1774245363161 1.52587890625e-08 175
1774245695461 1.52587890625e-08 176
1774246030599 1.52587890625e-08 177
1774246364154 1.52587890625e-08 178
1774246698229 1.52587890625e-08 179
1774247033435 1.52587890625e-08 180
1774247367545 1.52587890625e-08 181
1774247704336 1.52587890625e-08 182
1774248038248 1.52587890625e-08 183
1774248375013 1.52587890625e-08 184
1774248709170 1.52587890625e-08 185
1774249046001 1.52587890625e-08 186
1774249380316 1.52587890625e-08 187
1774249717026 1.52587890625e-08 188
1774250052614 1.52587890625e-08 189
1774250387684 1.52587890625e-08 190
1774250724406 1.52587890625e-08 191
1774251058544 1.52587890625e-08 192
1774251391275 1.52587890625e-08 193
1774251725104 1.52587890625e-08 194
1774252061489 1.52587890625e-08 195
1774252395418 1.52587890625e-08 196
1774252731682 1.52587890625e-08 197
1774253065395 1.52587890625e-08 198
1774253401514 1.52587890625e-08 199
1774253737187 1.52587890625e-08 200
