1774639763265 26.55555534362793 1
1774639913107 40.5 2
1774640068042 46.78889083862305 3
1774640220519 51.5 4
1774640369703 57.02222442626953 5
1774640528465 61.67778015136719 6
1774640677126 63.0444450378418 7
1774640828113 66.5888900756836 8
1774640983880 70.33333587646484 9
1774641129317 73.13333129882812 10
1774641285802 75.52222442626953 11
1774641437122 77.5999984741211 12
1774641585435 80.0111083984375 13
1774641742881 82.45555877685547 14
1774641892840 83.21111297607422 15
1774642045033 86.73333740234375 16
1774642200265 88.27777862548828 17
1774642348656 89.71111297607422 18
1774642504328 89.84444427490234 19
1774642656255 92.52222442626953 20
1774642805455 93.94444274902344 21
1774642962782 97.97777557373047 22
1774643111582 99.31111145019531 23
1774643264598 99.5777816772461 24
1774643419640 99.65555572509766 25
1774643568173 99.73333740234375 26
1774643723879 99.65555572509766 27
1774643874174 99.9000015258789 28
1774644024244 99.94444274902344 29
1774644181445 99.9888916015625 30
1774644330026 99.96666717529297 31
1774644481690 100.0 32
1774644636355 100.0 33
1774644786088 100.0 34
1774644942608 100.0 35
1774645092531 100.0 36
1774645240910 100.0 37
1774645399348 100.0 38
1774645547727 100.0 39
1774645701056 100.0 40
1774645854105 99.9888916015625 41
1774646002986 100.0 42
1774646161164 100.0 43
1774646310130 100.0 44
1774646459560 100.0 45
1774646616401 100.0 46
1774646766226 100.0 47
1774646920056 100.0 48
1774647072675 100.0 49
1774647220996 100.0 50
1774647378116 100.0 51
1774647528123 100.0 52
1774647678394 100.0 53
1774647834528 100.0 54
1774647983123 100.0 55
1774648138890 100.0 56
1774648290441 100.0 57
1774648439209 100.0 58
1774648596822 100.0 59
1774648745569 100.0 60
1774648897652 100.0 61
1774649053258 100.0 62
1774649201717 100.0 63
1774649356747 100.0 64
1774649508459 100.0 65
1774649657656 100.0 66
1774649814550 100.0 67
1774649962583 100.0 68
1774650113599 100.0 69
1774650268476 100.0 70
1774650416880 100.0 71
1774650572567 100.0 72
1774650722328 100.0 73
1774650870578 100.0 74
1774651027783 100.0 75
1774651175546 100.0 76
1774651328584 100.0 77
1774651481106 100.0 78
1774651630256 100.0 79
1774651786961 100.0 80
1774651934989 100.0 81
1774652084126 100.0 82
1774652240114 100.0 83
1774652389342 100.0 84
1774652543586 100.0 85
1774652694892 100.0 86
1774652842758 100.0 87
1774653000567 100.0 88
1774653148933 100.0 89
1774653299689 100.0 90
1774653454357 100.0 91
1774653602410 100.0 92
1774653758675 100.0 93
1774653908671 100.0 94
1774654056737 100.0 95
1774654213643 100.0 96
1774654362821 100.0 97
1774654514947 100.0 98
1774654668479 100.0 99
1774654816411 100.0 100
1774654972669 100.0 101
1774655122661 100.0 102
1774655271420 100.0 103
1774655427736 100.0 104
1774655575895 100.0 105
1774655729988 100.0 106
1774655883311 100.0 107
1774656031268 100.0 108
1774656188004 100.0 109
1774656336317 100.0 110
1774656487025 100.0 111
1774656642532 100.0 112
1774656790375 100.0 113
1774656944673 100.0 114
1774657096058 100.0 115
1774657244577 100.0 116
1774657401370 100.0 117
1774657548685 100.0 118
1774657699857 100.0 119
1774657854895 100.0 120
1774658002961 100.0 121
1774658158664 100.0 122
1774658308039 100.0 123
1774658456467 100.0 124
1774658614068 100.0 125
1774658762019 100.0 126
1774658914890 100.0 127
1774659067475 100.0 128
1774659216784 100.0 129
1774659373719 100.0 130
1774659522012 100.0 131
1774659671082 100.0 132
1774659826844 100.0 133
1774659976398 100.0 134
1774660130992 100.0 135
1774660282989 100.0 136
1774660431506 100.0 137
1774660589787 100.0 138
1774660738065 100.0 139
1774660888526 100.0 140
1774661044346 100.0 141
1774661193053 100.0 142
1774661349368 100.0 143
1774661500727 100.0 144
1774661649156 100.0 145
1774661806820 100.0 146
1774661956764 100.0 147
1774662108471 100.0 148
1774662263519 100.0 149
1774662412227 100.0 150
1774662567410 100.0 151
1774662719099 100.0 152
1774662867816 100.0 153
1774663025230 100.0 154
1774663173967 100.0 155
1774663326725 100.0 156
1774663481430 100.0 157
1774663630386 100.0 158
1774663820615 100.0 159
1774664021644 100.0 160
1774664222486 100.0 161
1774664430742 100.0 162
1774664628888 100.0 163
1774664832973 100.0 164
1774665036306 100.0 165
1774665236837 100.0 166
1774665445130 100.0 167
1774665643008 100.0 168
1774665845108 100.0 169
1774666051684 100.0 170
1774666251672 100.0 171
1774666458944 100.0 172
1774666657816 100.0 173
1774666857321 100.0 174
1774667066283 100.0 175
1774667265994 100.0 176
1774667429888 100.0 177
1774667582791 100.0 178
1774667732439 100.0 179
1774667889848 100.0 180
1774668038706 100.0 181
1774668189100 100.0 182
1774668345622 100.0 183
1774668495553 100.0 184
1774668650414 100.0 185
1774668802736 100.0 186
1774668951570 100.0 187
1774669110217 100.0 188
1774669258956 100.0 189
1774669409872 100.0 190
1774669565753 100.0 191
1774669714569 100.0 192
1774669870756 100.0 193
1774670022185 100.0 194
1774670170710 100.0 195
1774670328166 100.0 196
1774670477628 100.0 197
1774670629914 100.0 198
1774670785234 100.0 199
1774670933758 100.0 200
