1774639770416 36.0 0
1774639920259 41.000003814697266 0
1774640074633 48.500003814697266 0
1774640227774 55.30000305175781 0
1774640376853 58.400001525878906 0
1774640535324 58.400001525878906 0
1774640684162 59.60000228881836 0
1774640834515 64.10000610351562 0
1774640990962 64.10000610351562 0
1774641136519 67.80000305175781 0
1774641292292 67.80000305175781 0
1774641444264 67.80000305175781 0
1774641592590 67.80000305175781 0
1774641750091 67.80000305175781 0
1774641899917 70.80000305175781 0
1774642051598 70.80000305175781 0
1774642207450 70.80000305175781 0
1774642355775 70.80000305175781 0
1774642510780 70.80000305175781 0
1774642663444 72.30000305175781 0
1774642812649 72.30000305175781 0
1774642969943 73.5 0
1774643118692 73.80000305175781 0
1774643270982 73.80000305175781 0
1774643426793 73.80000305175781 0
1774643575344 73.80000305175781 0
1774643730309 73.80000305175781 0
1774643881319 75.0 0
1774644031410 75.0 0
1774644188563 75.5 0
1774644337198 75.80000305175781 0
1774644488171 75.80000305175781 0
1774644642936 76.10000610351562 0
1774644793347 76.10000610351562 0
1774644949073 76.10000610351562 0
1774645099656 76.10000610351562 0
1774645248041 76.10000610351562 0
1774645406417 76.10000610351562 0
1774645554913 76.10000610351562 0
1774645707425 76.10000610351562 0
1774645861260 76.10000610351562 0
1774646009916 76.10000610351562 0
1774646167655 76.10000610351562 0
1774646317295 76.10000610351562 0
1774646466116 76.30000305175781 0
1774646623680 76.30000305175781 0
1774646773454 76.30000305175781 0
1774646926595 76.30000305175781 0
1774647079784 76.30000305175781 0
1774647228148 76.30000305175781 0
1774647384937 76.30000305175781 0
1774647535314 76.30000305175781 0
1774647684817 76.30000305175781 0
1774647841715 76.30000305175781 0
1774647990269 76.30000305175781 0
1774648144764 76.30000305175781 0
1774648297660 76.30000305175781 0
1774648446391 76.4000015258789 0
1774648604016 76.4000015258789 0
1774648752769 76.4000015258789 0
1774648904235 76.4000015258789 0
1774649060440 76.4000015258789 0
1774649208887 76.4000015258789 0
1774649363196 76.4000015258789 0
1774649515234 76.4000015258789 0
1774649664830 76.4000015258789 0
1774649821699 76.4000015258789 0
1774649969714 76.4000015258789 0
1774650119888 76.4000015258789 0
1774650275646 76.4000015258789 0
1774650424003 76.4000015258789 0
1774650579064 76.4000015258789 0
1774650729490 76.4000015258789 0
1774650877178 76.4000015258789 0
1774651034971 76.4000015258789 0
1774651182673 76.4000015258789 0
1774651334776 76.4000015258789 0
1774651488343 76.4000015258789 0
1774651637413 76.4000015258789 0
1774651793545 76.4000015258789 0
1774651942118 76.4000015258789 0
1774652090520 76.4000015258789 0
1774652247312 76.4000015258789 0
1774652396487 76.4000015258789 0
1774652550001 76.4000015258789 0
1774652702029 76.4000015258789 0
1774652849910 76.4000015258789 0
1774653007523 76.4000015258789 0
1774653156175 76.4000015258789 0
1774653306085 76.4000015258789 0
1774653461459 76.4000015258789 0
1774653609573 76.4000015258789 0
1774653765181 76.4000015258789 0
1774653915792 76.4000015258789 0
1774654063925 76.4000015258789 0
1774654220805 76.4000015258789 0
1774654369475 76.4000015258789 0
1774654521368 76.4000015258789 0
1774654675657 76.4000015258789 0
1774654823566 76.4000015258789 0
1774654979088 76.4000015258789 0
1774655129790 76.4000015258789 0
1774655278084 76.4000015258789 0
1774655434901 76.4000015258789 0
1774655583108 76.4000015258789 0
1774655736319 76.4000015258789 0
1774655890477 76.4000015258789 0
1774656038421 76.4000015258789 0
1774656194697 76.4000015258789 0
1774656343344 76.4000015258789 0
1774656493516 76.4000015258789 0
1774656649660 76.4000015258789 0
1774656797523 76.4000015258789 0
1774656951092 76.4000015258789 0
1774657102723 76.4000015258789 0
1774657251743 76.4000015258789 0
1774657408521 76.4000015258789 0
1774657555800 76.4000015258789 0
1774657706251 76.4000015258789 0
1774657862071 76.4000015258789 0
1774658010197 76.4000015258789 0
1774658165082 76.4000015258789 0
1774658315281 76.4000015258789 0
1774658463574 76.4000015258789 0
1774658621257 76.4000015258789 0
1774658769188 76.4000015258789 0
1774658921066 76.4000015258789 0
1774659074631 76.4000015258789 0
1774659223958 76.4000015258789 0
1774659380039 76.4000015258789 0
1774659529188 76.4000015258789 0
1774659677147 76.4000015258789 0
1774659834119 76.4000015258789 0
1774659983576 76.4000015258789 0
1774660137462 76.4000015258789 0
1774660290167 76.4000015258789 0
1774660438672 76.4000015258789 0
1774660596787 76.4000015258789 0
1774660745236 76.4000015258789 0
1774660894953 76.4000015258789 0
1774661051578 76.4000015258789 0
1774661200257 76.4000015258789 0
1774661355821 76.4000015258789 0
1774661507845 76.4000015258789 0
1774661656438 76.4000015258789 0
1774661814060 76.4000015258789 0
1774661963636 76.4000015258789 0
1774662114864 76.4000015258789 0
1774662270683 76.4000015258789 0
1774662419382 76.4000015258789 0
1774662573854 76.4000015258789 0
1774662726271 76.4000015258789 0
1774662875003 76.4000015258789 0
1774663032414 76.4000015258789 0
1774663181135 76.4000015258789 0
1774663332540 76.4000015258789 0
1774663488601 76.4000015258789 0
1774663637572 76.4000015258789 0
1774663829078 76.4000015258789 0
1774664030684 76.4000015258789 0
1774664231634 76.4000015258789 0
1774664439872 76.4000015258789 0
1774664637858 76.4000015258789 0
1774664841379 76.4000015258789 0
1774665045353 76.4000015258789 0
1774665245975 76.4000015258789 0
1774665454264 76.4000015258789 0
1774665651996 76.4000015258789 0
1774665853541 76.4000015258789 0
1774666060816 76.4000015258789 0
1774666260784 76.4000015258789 0
1774666467372 76.4000015258789 0
1774666666864 76.4000015258789 0
1774666866460 76.4000015258789 0
1774667075379 76.4000015258789 0
1774667275018 76.4000015258789 0
1774667436394 76.4000015258789 0
1774667589933 76.4000015258789 0
1774667739566 76.4000015258789 0
1774667896645 76.4000015258789 0
1774668045889 76.4000015258789 0
1774668195505 76.4000015258789 0
1774668352811 76.4000015258789 0
1774668502795 76.4000015258789 0
1774668656859 76.4000015258789 0
1774668809904 76.4000015258789 0
1774668958751 76.4000015258789 0
1774669116906 76.4000015258789 0
1774669266140 76.4000015258789 0
1774669416296 76.4000015258789 0
1774669572944 76.4000015258789 0
1774669721742 76.4000015258789 0
1774669877222 76.4000015258789 0
1774670029422 76.4000015258789 0
1774670177891 76.4000015258789 0
1774670335374 76.4000015258789 0
1774670484633 76.4000015258789 0
1774670636337 76.4000015258789 0
1774670792420 76.4000015258789 0
1774670940906 76.4000015258789 0
