1774639763268 2.813367659462823 1
1774639913110 1.6360454349517821 2
1774640068043 1.482729121102227 3
1774640220522 1.3562990834977893 4
1774640369706 1.220393535984887 5
1774640528468 1.090157649146186 6
1774640677129 1.051668570836385 7
1774640828116 0.9593730914857652 8
1774640983882 0.8559216890335083 9
1774641129319 0.7701229696273804 10
1774641285805 0.7026389142142402 11
1774641437124 0.6334503070513408 12
1774641585438 0.5684089809523688 13
1774641742884 0.5061023364596897 14
1774641892844 0.4795103296173943 15
1774642045036 0.3846348264217377 16
1774642200268 0.3470963820616404 17
1774642348658 0.299323831849628 18
1774642504331 0.28380686247348785 19
1774642656258 0.21568505472607083 20
1774642805457 0.17455267565780216 21
1774642962785 0.0736112776696682 22
1774643111585 0.030223116901185777 23
1774643264601 0.02250909510668781 24
1774643419643 0.01780495399485032 25
1774643568176 0.014477974510855146 26
1774643723882 0.018037362196379237 27
1774643874176 0.008495757800837358 28
1774644024247 0.005051760682629214 29
1774644181448 0.0034450073151124846 30
1774644330029 0.003312867087415523 31
1774644481693 0.0024132775992362038 32
1774644636358 0.0016159250519962773 33
1774644786091 0.0018079609438363049 34
1774644942610 0.0015439623998374575 35
1774645092534 0.0016808149699225193 36
1774645240912 0.0012267043506726623 37
1774645399351 0.001180451602778501 38
1774645547731 0.0012298672264441847 39
1774645701059 0.0011947993102173011 40
1774645854108 0.0011198098922872708 41
1774646002987 0.0011769301592268878 42
1774646161168 0.000986798230636244 43
1774646310132 0.0009047597732084493 44
1774646459563 0.0008135990604706523 45
1774646616405 0.0007774908504345351 46
1774646766229 0.00077903441986483 47
1774646920059 0.0007066176117966987 48
1774647072677 0.0007213476623615457 49
1774647220999 0.0008190011895882587 50
1774647378119 0.000685924503641824 51
1774647528125 0.0006815070158077611 52
1774647678396 0.0006411707693090041 53
1774647834531 0.0006612382359388802 54
1774647983127 0.0006603905309457332 55
1774648138892 0.0006544844224117696 56
1774648290443 0.0005860710716677002 57
1774648439213 0.0005960424000190364 58
1774648596824 0.0005305989257887834 59
1774648745572 0.000617390727210376 60
1774648897654 0.0005380839585430093 61
1774649053261 0.0006330529431708985 62
1774649201720 0.0005251074502658513 63
1774649356751 0.0005238245338098043 64
1774649508462 0.0006161204831053813 65
1774649657659 0.0005572402978885091 66
1774649814551 0.0005471955289184633 67
1774649962586 0.0005075941561824746 68
1774650113603 0.000493171635704736 69
1774650268479 0.0005438542903349218 70
1774650416883 0.0005454384915323721 71
1774650572570 0.0005954697979614139 72
1774650722331 0.0005225464157604923 73
1774650870580 0.0005085486369724903 74
1774651027786 0.0005964043011578421 75
1774651175549 0.0004892448359686467 76
1774651328586 0.00043917150935158134 77
1774651481110 0.00047050219290475877 78
1774651630259 0.0004957809407884876 79
1774651786964 0.0005232342778342879 80
1774651934992 0.0004480413240251235 81
1774652084127 0.0005365939621503154 82
1774652240115 0.0004869585318956524 83
1774652389346 0.0005062603483804399 84
1774652543589 0.0004680308190743542 85
1774652694896 0.0004704450793409099 86
1774652842762 0.0004621108516585082 87
1774653000570 0.00048224580233606197 88
1774653148936 0.0005069572153087291 89
1774653299693 0.0004823426314526134 90
1774653454361 0.0004693695849532055 91
1774653602414 0.0004694021187670943 92
1774653758678 0.0005196204036474228 93
1774653908673 0.0004834308597880105 94
1774654056740 0.0005026330775193249 95
1774654213647 0.00048815260951717696 96
1774654362824 0.0004877771401984824 97
1774654514951 0.0004467409690324631 98
1774654668482 0.00047450307455922786 99
1774654816414 0.000471225408035227 100
1774654972672 0.0004665689065716126 101
1774655122663 0.000497229184412087 102
1774655271422 0.00048229699797876593 103
1774655427740 0.0004987891398680707 104
1774655575898 0.0005123540068873101 105
1774655729991 0.0005200700564827356 106
1774655883315 0.0004455192246888247 107
1774656031271 0.0004492903639458948 108
1774656188005 0.0004517670219971074 109
1774656336319 0.0005347043387074437 110
1774656487028 0.00046449231089920633 111
1774656642535 0.0004182059422342314 112
1774656790378 0.000501803741686874 113
1774656944676 0.0004893367996491078 114
1774657096060 0.00043035059246338073 115
1774657244579 0.0004992802326774431 116
1774657401373 0.0004391569508653548 117
1774657548687 0.0005414403749940296 118
1774657699861 0.0004888968534974589 119
1774657854898 0.0004888513604592946 120
1774658002964 0.0005054293574196183 121
1774658158666 0.0005023299836450153 122
1774658308042 0.0004710065559225364 123
1774658456470 0.0004946690946882074 124
1774658614072 0.0004443029927917653 125
1774658762022 0.0004699577657868051 126
1774658914893 0.00044999144148702425 127
1774659067478 0.00046420571048899243 128
1774659216787 0.0005321099417956753 129
1774659373722 0.0004929981226256739 130
1774659522015 0.00047518290693147316 131
1774659671085 0.00046153425885778334 132
1774659826847 0.00045763989805709573 133
1774659976401 0.0005191082341803445 134
1774660130994 0.0004999346897626917 135
1774660282993 0.00046438544226758594 136
1774660431509 0.0004629761239824196 137
1774660589790 0.00048318981151613925 138
1774660738068 0.0005166366426015479 139
1774660888529 0.0004965557143506076 140
1774661044349 0.0004567116447724402 141
1774661193057 0.0005095546214013463 142
1774661349371 0.00046421502965192 143
1774661500729 0.0004901186092239287 144
1774661649160 0.0004990302137513128 145
1774661806823 0.00047405466808575307 146
1774661956767 0.0005032689834996644 147
1774662108474 0.0004878596915320183 148
1774662263522 0.00048490901588876215 149
1774662412232 0.0004357307747316857 150
1774662567413 0.00048419778250778715 151
1774662719103 0.00048084729501149723 152
1774662867820 0.0004735132892253912 153
1774663025235 0.00048161766212433577 154
1774663173970 0.0005030781373692055 155
1774663326728 0.00044290413283225565 156
1774663481434 0.0005133949208280279 157
1774663630389 0.0004962841368332091 158
1774663820618 0.0004772885773434407 159
1774664021647 0.0004951091265926759 160
1774664222489 0.0005164379328553979 161
1774664430744 0.000498003294898404 162
1774664628890 0.0004783787063529922 163
1774664832976 0.00044879295736447805 164
1774665036307 0.0005045069002339409 165
1774665236840 0.0004694728019078159 166
1774665445131 0.0004932524053664464 167
1774665643011 0.00047141193619204894 168
1774665845110 0.00048230006915724115 169
1774666051686 0.00049152347818017 170
1774666251674 0.0004683695663180616 171
1774666458946 0.00044988447056514106 172
1774666657818 0.00047929333088298637 173
1774666857324 0.00048133855325997705 174
1774667066286 0.0004928874807535774 175
1774667265997 0.00047268100067352257 176
1774667429890 0.0005212327419754324 177
1774667582794 0.00047587259095679556 178
1774667732443 0.000488296024966985 179
1774667889851 0.0004559170325907568 180
1774668038710 0.00046742553209575514 181
1774668189104 0.00046738102266358005 182
1774668345625 0.000458551894278369 183
1774668495556 0.0004939895018986944 184
1774668650417 0.0005091569154885494 185
1774668802739 0.000483417033088497 186
1774668951574 0.0004924892440645231 187
1774669110220 0.000426970385066751 188
1774669258959 0.0004480396424704749 189
1774669409875 0.0004962827677631544 190
1774669565756 0.0004891008164526687 191
1774669714573 0.0004774631220433447 192
1774669870759 0.0005008071310973416 193
1774670022189 0.0004354951739660464 194
1774670170713 0.0004817915947383477 195
1774670328170 0.0004890227676886651 196
1774670477631 0.00045267324877851125 197
1774670629917 0.00043467000749013905 198
1774670785239 0.0004319089050922129 199
1774670933761 0.00047951670829206707 200
