1774639770544 0.001 1
1774639920528 0.001 2
1774640074963 0.001 3
1774640228140 0.001 4
1774640377128 0.001 5
1774640535325 0.001 6
1774640684460 0.001 7
1774640834869 0.001 8
1774640990963 0.001 9
1774641136720 0.001 10
1774641292294 0.001 11
1774641444265 0.001 12
1774641592591 0.001 13
1774641750092 0.001 14
1774641900244 0.001 15
1774642051599 0.001 16
1774642207451 0.001 17
1774642355776 0.001 18
1774642510782 0.001 19
1774642663826 0.001 20
1774642812651 0.0005 21
1774642970263 0.0005 22
1774643119057 0.0005 23
1774643270983 0.0005 24
1774643426795 0.0005 25
1774643575345 0.0005 26
1774643730310 0.00025 27
1774643881650 0.00025 28
1774644031411 0.00025 29
1774644188865 0.00025 30
1774644337439 0.00025 31
1774644488173 0.00025 32
1774644643344 0.000125 33
1774644793348 0.000125 34
1774644949074 0.000125 35
1774645099657 0.000125 36
1774645248042 0.000125 37
1774645406418 0.000125 38
1774645554914 6.25e-05 39
1774645707426 6.25e-05 40
1774645861261 6.25e-05 41
1774646009918 6.25e-05 42
1774646167656 6.25e-05 43
1774646317296 6.25e-05 44
1774646466354 3.125e-05 45
1774646623681 3.125e-05 46
1774646773455 3.125e-05 47
1774646926596 3.125e-05 48
1774647079785 3.125e-05 49
1774647228149 3.125e-05 50
1774647384939 1.5625e-05 51
1774647535316 1.5625e-05 52
1774647684819 1.5625e-05 53
1774647841717 1.5625e-05 54
1774647990270 1.5625e-05 55
1774648144765 1.5625e-05 56
1774648297662 7.8125e-06 57
1774648446706 7.8125e-06 58
1774648604017 7.8125e-06 59
1774648752771 7.8125e-06 60
1774648904237 7.8125e-06 61
1774649060441 7.8125e-06 62
1774649208888 3.90625e-06 63
1774649363197 3.90625e-06 64
1774649515235 3.90625e-06 65
1774649664832 3.90625e-06 66
1774649821701 3.90625e-06 67
1774649969715 3.90625e-06 68
1774650119890 1.953125e-06 69
1774650275647 1.953125e-06 70
1774650424004 1.953125e-06 71
1774650579065 1.953125e-06 72
1774650729492 1.953125e-06 73
1774650877180 1.953125e-06 74
1774651034972 9.765625e-07 75
1774651182675 9.765625e-07 76
1774651334777 9.765625e-07 77
1774651488345 9.765625e-07 78
1774651637414 9.765625e-07 79
1774651793546 9.765625e-07 80
1774651942119 4.8828125e-07 81
1774652090521 4.8828125e-07 82
1774652247313 4.8828125e-07 83
1774652396488 4.8828125e-07 84
1774652550002 4.8828125e-07 85
1774652702031 4.8828125e-07 86
1774652849911 2.44140625e-07 87
1774653007524 2.44140625e-07 88
1774653156176 2.44140625e-07 89
1774653306086 2.44140625e-07 90
1774653461461 2.44140625e-07 91
1774653609574 2.44140625e-07 92
1774653765182 1.220703125e-07 93
1774653915793 1.220703125e-07 94
1774654063927 1.220703125e-07 95
1774654220806 1.220703125e-07 96
1774654369476 1.220703125e-07 97
1774654521369 1.220703125e-07 98
1774654675658 6.103515625e-08 99
1774654823567 6.103515625e-08 100
1774654979089 6.103515625e-08 101
1774655129792 6.103515625e-08 102
1774655278085 6.103515625e-08 103
1774655434902 6.103515625e-08 104
1774655583110 3.0517578125e-08 105
1774655736320 3.0517578125e-08 106
1774655890479 3.0517578125e-08 107
1774656038423 3.0517578125e-08 108
1774656194698 3.0517578125e-08 109
1774656343345 3.0517578125e-08 110
1774656493518 1.52587890625e-08 111
1774656649661 1.52587890625e-08 112
1774656797525 1.52587890625e-08 113
1774656951093 1.52587890625e-08 114
1774657102725 1.52587890625e-08 115
1774657251745 1.52587890625e-08 116
1774657408522 1.52587890625e-08 117
1774657555801 1.52587890625e-08 118
1774657706252 1.52587890625e-08 119
1774657862073 1.52587890625e-08 120
1774658010198 1.52587890625e-08 121
1774658165083 1.52587890625e-08 122
1774658315282 1.52587890625e-08 123
1774658463576 1.52587890625e-08 124
1774658621260 1.52587890625e-08 125
1774658769189 1.52587890625e-08 126
1774658921068 1.52587890625e-08 127
1774659074632 1.52587890625e-08 128
1774659223960 1.52587890625e-08 129
1774659380041 1.52587890625e-08 130
1774659529189 1.52587890625e-08 131
1774659677148 1.52587890625e-08 132
1774659834120 1.52587890625e-08 133
1774659983577 1.52587890625e-08 134
1774660137463 1.52587890625e-08 135
1774660290168 1.52587890625e-08 136
1774660438674 1.52587890625e-08 137
1774660596788 1.52587890625e-08 138
1774660745239 1.52587890625e-08 139
1774660894954 1.52587890625e-08 140
1774661051579 1.52587890625e-08 141
1774661200259 1.52587890625e-08 142
1774661355823 1.52587890625e-08 143
1774661507846 1.52587890625e-08 144
1774661656439 1.52587890625e-08 145
1774661814062 1.52587890625e-08 146
1774661963638 1.52587890625e-08 147
1774662114865 1.52587890625e-08 148
1774662270685 1.52587890625e-08 149
1774662419383 1.52587890625e-08 150
1774662573855 1.52587890625e-08 151
1774662726272 1.52587890625e-08 152
1774662875006 1.52587890625e-08 153
1774663032416 1.52587890625e-08 154
1774663181136 1.52587890625e-08 155
1774663332542 1.52587890625e-08 156
1774663488604 1.52587890625e-08 157
1774663637573 1.52587890625e-08 158
1774663829079 1.52587890625e-08 159
1774664030684 1.52587890625e-08 160
1774664231636 1.52587890625e-08 161
1774664439873 1.52587890625e-08 162
1774664637859 1.52587890625e-08 163
1774664841381 1.52587890625e-08 164
1774665045354 1.52587890625e-08 165
1774665245977 1.52587890625e-08 166
1774665454265 1.52587890625e-08 167
1774665651998 1.52587890625e-08 168
1774665853543 1.52587890625e-08 169
1774666060817 1.52587890625e-08 170
1774666260785 1.52587890625e-08 171
1774666467373 1.52587890625e-08 172
1774666666865 1.52587890625e-08 173
1774666866461 1.52587890625e-08 174
1774667075381 1.52587890625e-08 175
1774667275019 1.52587890625e-08 176
1774667436395 1.52587890625e-08 177
1774667589934 1.52587890625e-08 178
1774667739567 1.52587890625e-08 179
1774667896646 1.52587890625e-08 180
1774668045891 1.52587890625e-08 181
1774668195506 1.52587890625e-08 182
1774668352812 1.52587890625e-08 183
1774668502797 1.52587890625e-08 184
1774668656861 1.52587890625e-08 185
1774668809905 1.52587890625e-08 186
1774668958752 1.52587890625e-08 187
1774669116907 1.52587890625e-08 188
1774669266141 1.52587890625e-08 189
1774669416297 1.52587890625e-08 190
1774669572945 1.52587890625e-08 191
1774669721745 1.52587890625e-08 192
1774669877225 1.52587890625e-08 193
1774670029424 1.52587890625e-08 194
1774670177892 1.52587890625e-08 195
1774670335376 1.52587890625e-08 196
1774670484634 1.52587890625e-08 197
1774670636339 1.52587890625e-08 198
1774670792422 1.52587890625e-08 199
1774670940908 1.52587890625e-08 200
