1773921763877 36.172000885009766 1
1773922212423 52.275997161865234 2
1773922660388 58.09199905395508 3
1773923106837 63.029998779296875 4
1773923555287 65.38800048828125 5
1773924000526 67.93599700927734 6
1773924448921 69.71399688720703 7
1773924894426 71.48400115966797 8
1773925342469 73.38999938964844 9
1773925787571 74.45600128173828 10
1773926236044 76.08399963378906 11
1773926683907 76.61000061035156 12
1773927130029 77.88399505615234 13
1773927578616 78.68999481201172 14
1773928024109 79.52999877929688 15
1773928472556 80.08200073242188 16
1773928918186 80.6500015258789 17
1773929366394 81.03399658203125 18
1773929812027 82.00599670410156 19
1773930260268 82.72799682617188 20
1773930707788 82.80999755859375 21
1773931154096 83.37799835205078 22
1773931602163 83.73600006103516 23
1773932047705 84.1719970703125 24
1773932496035 84.59199523925781 25
1773932941178 84.9219970703125 26
1773933389019 85.1240005493164 27
1773933834473 85.32599639892578 28
1773934282375 85.86000061035156 29
1773934729474 86.00199890136719 30
1773935174782 86.3239974975586 31
1773935622940 86.72999572753906 32
1773936067879 86.93000030517578 33
1773936515890 87.13800048828125 34
1773936960578 87.6199951171875 35
1773937408365 87.6240005493164 36
1773937853534 87.81399536132812 37
1773938301264 89.41799926757812 38
1773938748571 89.93799591064453 39
1773939194089 90.1500015258789 40
1773939641876 90.42399597167969 41
1773940086337 90.62199401855469 42
1773940533828 90.75 43
1773940978719 90.98600006103516 44
1773941426306 91.8219985961914 45
1773941871605 91.95999908447266 46
1773942319159 92.18000030517578 47
1773942766643 92.12199401855469 48
1773943211674 92.46199798583984 49
1773943659363 92.33799743652344 50
1773944104118 92.89399719238281 51
1773944551961 92.95399475097656 52
1773944996864 93.14999389648438 53
1773945444543 93.0719985961914 54
1773945889782 93.06999969482422 55
1773946336694 93.21199798583984 56
1773946784206 93.37799835205078 57
1773947228995 93.63800048828125 58
1773947676952 93.7459945678711 59
1773948121351 93.55400085449219 60
1773948568828 93.70600128173828 61
1773949013782 93.66799926757812 62
1773949461631 93.70800018310547 63
1773949907384 93.84600067138672 64
1773950354350 93.86399841308594 65
1773950802322 93.8239974975586 66
1773951246696 93.94599914550781 67
1773951694212 93.8479995727539 68
1773952138989 93.76599884033203 69
1773952586663 93.90599822998047 70
1773953031639 93.91600036621094 71
1773953479289 93.86599731445312 72
1773953924866 94.00399780273438 73
1773954371892 93.97799682617188 74
1773954819640 94.0739974975586 75
1773955264639 94.16799926757812 76
1773955712410 93.97000122070312 77
1773956157486 94.01399993896484 78
1773956605405 93.91999816894531 79
1773957050008 94.06599426269531 80
1773957497173 94.02999877929688 81
1773957942367 93.79999542236328 82
1773958388510 94.04999542236328 83
1773958835837 94.08799743652344 84
1773959280285 93.8699951171875 85
1773959727591 93.96599578857422 86
1773960171921 94.11399841308594 87
1773960619121 94.0 88
1773961063192 94.10799407958984 89
1773961510454 94.05400085449219 90
1773961955169 94.05999755859375 91
1773962401695 94.06399536132812 92
1773962848661 94.0739974975586 93
1773963292923 94.0999984741211 94
1773963740162 94.13999938964844 95
1773964184542 94.11000061035156 96
1773964631843 94.1520004272461 97
1773965076018 93.9020004272461 98
1773965523220 94.093994140625 99
1773965967813 94.22599792480469 100
1773966414403 94.02799987792969 101
1773966861410 94.17399597167969 102
1773967306206 93.8759994506836 103
1773967753566 93.89999389648438 104
1773968198060 94.05199432373047 105
1773968645414 94.10199737548828 106
1773969089859 93.97799682617188 107
1773969537105 94.0199966430664 108
1773969981625 94.14999389648438 109
1773970428804 94.03799438476562 110
1773970875800 94.0260009765625 111
1773971320907 94.16199493408203 112
1773971768351 94.09199523925781 113
1773972212854 94.15399932861328 114
1773972660276 94.00199890136719 115
1773973104379 93.97000122070312 116
1773973551608 94.19999694824219 117
1773973995943 93.98999786376953 118
1773974443236 94.04000091552734 119
1773974889845 94.1240005493164 120
1773975334649 93.95800018310547 121
1773975781944 94.12199401855469 122
1773976226338 94.16600036621094 123
1773976673752 93.93000030517578 124
1773977118146 94.04000091552734 125
1773977565674 93.98999786376953 126
1773978010272 94.13999938964844 127
1773978457692 93.88999938964844 128
1773978904222 94.09600067138672 129
1773979349641 94.1199951171875 130
1773979796983 94.19400024414062 131
1773980241603 94.11399841308594 132
1773980689037 94.09600067138672 133
1773981133492 94.16199493408203 134
1773981580717 94.08399963378906 135
1773982025160 94.18599700927734 136
1773982472442 93.77799987792969 137
1773982918541 94.13399505615234 138
1773983363903 93.90399932861328 139
1773983811181 93.90999603271484 140
1773984255034 94.18999481201172 141
1773984702217 94.10199737548828 142
1773985146394 94.12199401855469 143
1773985593389 94.08599853515625 144
1773986037178 94.08599853515625 145
1773986484204 94.06800079345703 146
1773986930066 94.03399658203125 147
1773987375593 93.93000030517578 148
1773987822634 94.0260009765625 149
1773988266761 94.04999542236328 150
1773988713807 94.10399627685547 151
1773989157473 94.15399932861328 152
1773989604338 94.03399658203125 153
1773990048003 94.05199432373047 154
1773990494928 94.20199584960938 155
1773990940463 94.14199829101562 156
1773991385981 93.96199798583984 157
1773991832921 94.02399444580078 158
1773992277131 94.18000030517578 159
1773992724427 94.09199523925781 160
1773993168795 94.32999420166016 161
1773993615735 94.00799560546875 162
1773994059983 94.02999877929688 163
1773994506962 94.11399841308594 164
1773994953679 94.0999984741211 165
1773995400349 94.23799896240234 166
1773995848077 93.90799713134766 167
1773996293145 94.18000030517578 168
1773996741283 93.93000030517578 169
1773997185954 94.04199981689453 170
1773997633971 94.01599884033203 171
1773998078962 93.87799835205078 172
1773998527126 94.10399627685547 173
1773998973718 93.92399597167969 174
1773999420371 93.93599700927734 175
1773999868418 94.07599639892578 176
1774000313996 94.07999420166016 177
1774000762085 94.1719970703125 178
1774001207515 93.98799896240234 179
1774001655393 94.07799530029297 180
1774002100558 94.07999420166016 181
1774002548644 94.16999816894531 182
1774002995710 94.20600128173828 183
1774003442150 94.18199920654297 184
1774003890238 94.1199951171875 185
1774004335659 94.1780014038086 186
1774004783902 94.18399810791016 187
1774005229368 94.1520004272461 188
1774005677469 94.18199920654297 189
1774006123169 94.0999984741211 190
1774006571516 93.947998046875 191
1774007018940 93.9959945678711 192
1774007465439 94.15799713134766 193
1774007913952 94.05799865722656 194
1774008359631 94.07599639892578 195
1774008808042 94.2179946899414 196
1774009253778 94.08999633789062 197
1774009702286 94.1520004272461 198
1774010148309 94.00399780273438 199
1774010564823 93.947998046875 200
