1773921800669 53.15999984741211 0
1773922249154 61.0 0
1773922696366 63.519996643066406 0
1773923143608 67.12999725341797 0
1773923591875 69.22000122070312 0
1773924037234 72.43000030517578 0
1773924485541 74.95999908447266 0
1773924931098 74.95999908447266 0
1773925379043 75.62999725341797 0
1773925824198 78.33999633789062 0
1773926272816 78.7699966430664 0
1773926719983 79.29000091552734 0
1773927166762 80.72999572753906 0
1773927615388 80.72999572753906 0
1773928060757 82.04000091552734 0
1773928509232 82.79000091552734 0
1773928954795 82.79000091552734 0
1773929403322 83.54000091552734 0
1773929848636 83.8499984741211 0
1773930296948 83.8499984741211 0
1773930743677 84.47000122070312 0
1773931190685 84.47000122070312 0
1773931638770 84.61000061035156 0
1773932084270 85.30999755859375 0
1773932532703 85.30999755859375 0
1773932977731 85.30999755859375 0
1773933425587 85.98999786376953 0
1773933871008 85.98999786376953 0
1773934318940 85.98999786376953 0
1773934765125 85.98999786376953 0
1773935211382 86.30999755859375 0
1773935659500 86.93999481201172 0
1773936104523 86.93999481201172 0
1773936552338 86.93999481201172 0
1773936997098 86.93999481201172 0
1773937445073 86.93999481201172 0
1773937890050 86.93999481201172 0
1773938337803 87.72999572753906 0
1773938784315 87.94999694824219 0
1773939230638 88.1500015258789 0
1773939678356 88.1500015258789 0
1773940122866 88.1500015258789 0
1773940570378 88.65999603271484 0
1773941015301 88.65999603271484 0
1773941462905 89.11000061035156 0
1773941907952 89.11000061035156 0
1773942355858 89.11000061035156 0
1773942802416 89.11000061035156 0
1773943248218 89.11000061035156 0
1773943695928 89.11000061035156 0
1773944140583 89.31999969482422 0
1773944588534 89.4000015258789 0
1773945033380 89.4000015258789 0
1773945481088 89.4000015258789 0
1773945925617 89.4000015258789 0
1773946373354 89.4000015258789 0
1773946819860 89.47000122070312 0
1773947265564 89.75 0
1773947713381 89.75 0
1773948157841 89.75 0
1773948605296 89.75 0
1773949050397 89.75 0
1773949498160 89.75 0
1773949943098 89.75 0
1773950390974 89.7699966430664 0
1773950837872 89.7699966430664 0
1773951283133 89.7699966430664 0
1773951730655 89.7699966430664 0
1773952175540 89.7699966430664 0
1773952623260 89.7699966430664 0
1773953068143 89.7699966430664 0
1773953515830 89.7699966430664 0
1773953960652 89.7699966430664 0
1773954408515 89.7699966430664 0
1773954855504 89.7699966430664 0
1773955301223 89.7699966430664 0
1773955748995 89.7699966430664 0
1773956194043 89.87999725341797 0
1773956642048 89.87999725341797 0
1773957086297 89.87999725341797 0
1773957533474 89.87999725341797 0
1773957977598 89.87999725341797 0
1773958424828 89.87999725341797 0
1773958871460 89.87999725341797 0
1773959316584 89.87999725341797 0
1773959763921 89.87999725341797 0
1773960208205 89.87999725341797 0
1773960655452 89.87999725341797 0
1773961099550 89.87999725341797 0
1773961546750 89.87999725341797 0
1773961990937 89.87999725341797 0
1773962437996 89.87999725341797 0
1773962884268 89.87999725341797 0
1773963329216 89.87999725341797 0
1773963776450 89.87999725341797 0
1773964220861 89.87999725341797 0
1773964668195 89.87999725341797 0
1773965112329 89.87999725341797 0
1773965559479 89.87999725341797 0
1773966003466 89.87999725341797 0
1773966450773 89.87999725341797 0
1773966897016 89.87999725341797 0
1773967342605 89.87999725341797 0
1773967789843 89.87999725341797 0
1773968234411 89.87999725341797 0
1773968681742 89.87999725341797 0
1773969126179 89.87999725341797 0
1773969573390 89.87999725341797 0
1773970017794 89.87999725341797 0
1773970465224 89.87999725341797 0
1773970911447 89.87999725341797 0
1773971357272 89.87999725341797 0
1773971804654 89.87999725341797 0
1773972249206 89.87999725341797 0
1773972696564 89.87999725341797 0
1773973140681 89.87999725341797 0
1773973587862 89.87999725341797 0
1773974032294 89.87999725341797 0
1773974479589 89.87999725341797 0
1773974925363 89.87999725341797 0
1773975370942 89.87999725341797 0
1773975818214 89.87999725341797 0
1773976262680 89.87999725341797 0
1773976710032 89.87999725341797 0
1773977154529 89.87999725341797 0
1773977601996 89.87999725341797 0
1773978046620 89.87999725341797 0
1773978494004 89.87999725341797 0
1773978939724 89.87999725341797 0
1773979385938 89.87999725341797 0
1773979833351 89.87999725341797 0
1773980277951 89.87999725341797 0
1773980725345 89.87999725341797 0
1773981169833 89.87999725341797 0
1773981617049 89.87999725341797 0
1773982061466 89.87999725341797 0
1773982508693 89.87999725341797 0
1773982954076 89.87999725341797 0
1773983400221 89.87999725341797 0
1773983847450 89.87999725341797 0
1773984291329 89.87999725341797 0
1773984738546 89.87999725341797 0
1773985182687 89.87999725341797 0
1773985629630 89.87999725341797 0
1773986073475 89.87999725341797 0
1773986520580 89.87999725341797 0
1773986965557 89.87999725341797 0
1773987411859 89.87999725341797 0
1773987858846 89.87999725341797 0
1773988303040 89.87999725341797 0
1773988750030 89.87999725341797 0
1773989193716 89.87999725341797 0
1773989640581 89.87999725341797 0
1773990084261 89.87999725341797 0
1773990531175 89.87999725341797 0
1773990975963 89.87999725341797 0
1773991422224 89.87999725341797 0
1773991869159 89.87999725341797 0
1773992313406 89.87999725341797 0
1773992760789 89.87999725341797 0
1773993205052 89.87999725341797 0
1773993651968 89.87999725341797 0
1773994096252 89.87999725341797 0
1773994543713 89.87999725341797 0
1773994989738 89.87999725341797 0
1773995436934 89.87999725341797 0
1773995884651 89.87999725341797 0
1773996329910 89.87999725341797 0
1773996777776 89.87999725341797 0
1773997222584 89.87999725341797 0
1773997670526 89.87999725341797 0
1773998115603 89.87999725341797 0
1773998563710 89.87999725341797 0
1773999009545 89.87999725341797 0
1773999457054 89.87999725341797 0
1773999905079 89.87999725341797 0
1774000350744 89.87999725341797 0
1774000798753 89.87999725341797 0
1774001244176 89.87999725341797 0
1774001691888 89.87999725341797 0
1774002137255 89.87999725341797 0
1774002585394 89.87999725341797 0
1774003031572 89.87999725341797 0
1774003478824 89.87999725341797 0
1774003926891 89.87999725341797 0
1774004372464 89.87999725341797 0
1774004820586 89.87999725341797 0
1774005266005 89.87999725341797 0
1774005714215 89.87999725341797 0
1774006159876 89.87999725341797 0
1774006608181 89.87999725341797 0
1774007054812 89.87999725341797 0
1774007502193 89.87999725341797 0
1774007950950 89.87999725341797 0
1774008396355 89.87999725341797 0
1774008844961 89.87999725341797 0
1774009290523 89.87999725341797 0
1774009739215 89.87999725341797 0
1774010185136 89.87999725341797 0
1774010592313 89.87999725341797 0
