1773921763878 3.954200269165039 1
1773922212425 3.6100524673461916 2
1773922660390 3.3078732846832275 3
1773923106839 3.0176848503875733 4
1773923555289 2.8824245988464354 5
1773924000528 2.693270587387085 6
1773924448924 2.5849469220733643 7
1773924894428 2.4517396546936037 8
1773925342470 2.3167138498306272 9
1773925787573 2.2371494997024537 10
1773926236045 2.1165525023269653 11
1773926683908 2.057729795150757 12
1773927130032 1.9936398052978515 13
1773927578618 1.9169899409103393 14
1773928024112 1.8404981973075867 15
1773928472559 1.8005512954711913 16
1773928918188 1.7693388813781739 17
1773929366398 1.7168312981796265 18
1773929812029 1.655944195175171 19
1773930260270 1.587737931098938 20
1773930707789 1.585441628265381 21
1773931154097 1.5356112510681152 22
1773931602165 1.4866881831169128 23
1773932047708 1.4434879577255249 24
1773932496037 1.4016764393615722 25
1773932941179 1.385039824371338 26
1773933389022 1.3471645133972168 27
1773933834474 1.340815060157776 28
1773934282377 1.3009720868682861 29
1773934729476 1.276394358882904 30
1773935174784 1.2354628362464906 31
1773935622942 1.2135703860473632 32
1773936067882 1.192252247505188 33
1773936515893 1.160388837966919 34
1773936960579 1.1289396627044679 35
1773937408367 1.13154901512146 36
1773937853537 1.0970362593078613 37
1773938301267 0.9427328251457214 38
1773938748574 0.9045708722305298 39
1773939194091 0.8804539215755463 40
1773939641879 0.8702984373474121 41
1773940086338 0.851802416381836 42
1773940533830 0.8280839701080323 43
1773940978720 0.8039893225860596 44
1773941426307 0.7192547279167175 45
1773941871608 0.7020900036430359 46
1773942319161 0.6830760950469971 47
1773942766646 0.6853569888877868 48
1773943211675 0.6691210572814942 49
1773943659366 0.6663034793758392 50
1773944104121 0.6315646737098694 51
1773944551964 0.6258336608791352 52
1773944996866 0.5791747789573669 53
1773945444545 0.6030022159004211 54
1773945889783 0.5978206403565407 55
1773946336696 0.6004064577293396 56
1773946784207 0.5668271525382995 57
1773947228996 0.5607900694656373 58
1773947676955 0.5474936845636368 59
1773948121354 0.5570204184818268 60
1773948568831 0.5513797803997994 61
1773949013783 0.5449022575378418 62
1773949461634 0.5353317208862305 63
1773949907386 0.5360161291122436 64
1773950354352 0.5324851721858979 65
1773950802326 0.5372528969955445 66
1773951246698 0.522293773355484 67
1773951694213 0.5319642544344464 68
1773952138991 0.5391752756643295 69
1773952586666 0.5210958817148209 70
1773953031641 0.5246354020643235 71
1773953479291 0.5203081017112732 72
1773953924868 0.5084438296127319 73
1773954371894 0.5224267440748215 74
1773954819641 0.5044198924970626 75
1773955264642 0.49615781463742253 76
1773955712411 0.5218122068405151 77
1773956157489 0.5099307572937012 78
1773956605407 0.5292092371559143 79
1773957050009 0.5168042253303528 80
1773957497175 0.5059772545146942 81
1773957942369 0.5489978603458404 82
1773958388511 0.5063182991695404 83
1773958835840 0.4961632920217514 84
1773959280286 0.5321942503786087 85
1773959727593 0.5121453557109833 86
1773960171923 0.5020125799655915 87
1773960619123 0.5233860675811768 88
1773961063195 0.49652681670188903 89
1773961510456 0.5197942549800872 90
1773961955172 0.5167640616035462 91
1773962401698 0.5103472352814674 92
1773962848663 0.5150657586288452 93
1773963292925 0.5112363059902191 94
1773963740164 0.5067429330539703 95
1773964184544 0.5074148266535439 96
1773964631846 0.5145959008908272 97
1773965076020 0.5354068864107132 98
1773965523223 0.5070220843410492 99
1773965967814 0.4928936867570877 100
1773966414405 0.5065552092838287 101
1773966861413 0.4846828533857316 102
1773967306209 0.5307393125104904 103
1773967753567 0.518345657479763 104
1773968198062 0.512086688709259 105
1773968645416 0.5129455153560638 106
1773969089862 0.5122120655965805 107
1773969537109 0.5218244503879547 108
1773969981627 0.5083016017150879 109
1773970428806 0.5177389378619194 110
1773970875802 0.5106093788909912 111
1773971320910 0.5119524078989028 112
1773971768352 0.5063014658164978 113
1773972212857 0.5026355893850326 114
1773972660278 0.5234041858100891 115
1773973104382 0.5098499369049072 116
1773973551609 0.506397805147171 117
1773973995946 0.5081133936667442 118
1773974443239 0.5298927036237717 119
1773974889847 0.5171113161849975 120
1773975334651 0.5040344104337692 121
1773975781946 0.5059509480381011 122
1773976226340 0.5023551984453202 123
1773976673753 0.5161253291225434 124
1773977118148 0.5050690448379517 125
1773977565676 0.5186527939224244 126
1773978010275 0.5029459487247467 127
1773978457694 0.5201691508293151 128
1773978904223 0.4957394693017006 129
1773979349644 0.5153482900905609 130
1773979796986 0.5079850081908703 131
1773980241605 0.5032405330085754 132
1773980689040 0.49562996820926664 133
1773981133495 0.5022607455897331 134
1773981580718 0.5080092770481109 135
1773982025162 0.5065420228290558 136
1773982472444 0.5399462766265869 137
1773982918543 0.5065480390024185 138
1773983363905 0.5160320191639661 139
1773983811182 0.5297924473285675 140
1773984255036 0.4974071952056885 141
1773984702220 0.5239160858297348 142
1773985146395 0.5166696625995636 143
1773985593392 0.5170475980579853 144
1773986037179 0.5107125127696991 145
1773986484207 0.5081838919639587 146
1773986930069 0.5088289520072937 147
1773987375595 0.5282217121696472 148
1773987822635 0.5092475350499153 149
1773988266762 0.5003581937122344 150
1773988713809 0.5049150197708606 151
1773989157474 0.5013139961051941 152
1773989604340 0.5028021845817566 153
1773990048005 0.5075183938407898 154
1773990494931 0.500864981815815 155
1773990940466 0.5051207860517501 156
1773991385984 0.5170350379025936 157
1773991832922 0.5130813611793518 158
1773992277134 0.5211754651832581 159
1773992724429 0.5064138572978973 160
1773993168798 0.5050020415735245 161
1773993615737 0.5078141423392296 162
1773994059984 0.49422346810340884 163
1773994506965 0.5092154043865204 164
1773994953681 0.5049054192066192 165
1773995400351 0.4970762917137146 166
1773995848079 0.5176450991010666 167
1773996293146 0.5057776949024201 168
1773996741286 0.5202367509412765 169
1773997185956 0.48843787160873414 170
1773997633974 0.5190945597720146 171
1773998078963 0.5253387304759025 172
1773998527128 0.49913993538856505 173
1773998973720 0.5220400773787498 174
1773999420374 0.5101819674921035 175
1773999868421 0.5201458072900772 176
1774000313998 0.5055259774446488 177
1774000762087 0.5161103990364074 178
1774001207517 0.5194272421300411 179
1774001655396 0.5072097310066224 180
1774002100561 0.5174861402797699 181
1774002548646 0.497125205078125 182
1774002995712 0.5086681929826736 183
1774003442152 0.5021563597869872 184
1774003890239 0.504995953040123 185
1774004335662 0.5119403347873688 186
1774004783905 0.5079687437200546 187
1774005229369 0.5105345873260498 188
1774005677472 0.5101114178037643 189
1774006123171 0.5011405858707428 190
1774006571518 0.5199713725101948 191
1774007018943 0.5141263514518738 192
1774007465440 0.5020117527580261 193
1774007913954 0.5068322990751266 194
1774008359633 0.5149126534032822 195
1774008808043 0.5027260306167602 196
1774009253780 0.5059737096953392 197
1774009702289 0.5110715719079971 198
1774010148311 0.5203721104717255 199
1774010564825 0.5183306100654602 200
