1773921800792 0.001 1
1773922249358 0.001 2
1773922696574 0.001 3
1773923143809 0.001 4
1773923592086 0.001 5
1773924037389 0.001 6
1773924485746 0.001 7
1773924931099 0.001 8
1773925379168 0.001 9
1773925824398 0.001 10
1773926273026 0.001 11
1773926720121 0.001 12
1773927166991 0.001 13
1773927615389 0.001 14
1773928060999 0.001 15
1773928509438 0.001 16
1773928954796 0.001 17
1773929403524 0.001 18
1773929848828 0.001 19
1773930296949 0.001 20
1773930743830 0.001 21
1773931190687 0.001 22
1773931638977 0.001 23
1773932084483 0.001 24
1773932532704 0.001 25
1773932977732 0.001 26
1773933425787 0.001 27
1773933871009 0.001 28
1773934318941 0.001 29
1773934765127 0.001 30
1773935211628 0.001 31
1773935659719 0.001 32
1773936104524 0.001 33
1773936552339 0.001 34
1773936997099 0.001 35
1773937445074 0.001 36
1773937890051 0.0005 37
1773938338006 0.0005 38
1773938784518 0.0005 39
1773939230852 0.0005 40
1773939678357 0.0005 41
1773940122867 0.0005 42
1773940570617 0.0005 43
1773941015303 0.00025 44
1773941463036 0.00025 45
1773941907953 0.00025 46
1773942355860 0.00025 47
1773942802417 0.00025 48
1773943248219 0.00025 49
1773943695929 0.000125 50
1773944140731 0.000125 51
1773944588747 0.000125 52
1773945033381 0.000125 53
1773945481089 0.000125 54
1773945925618 0.000125 55
1773946373355 6.25e-05 56
1773946820078 6.25e-05 57
1773947265764 6.25e-05 58
1773947713381 6.25e-05 59
1773948157842 6.25e-05 60
1773948605298 6.25e-05 61
1773949050399 3.125e-05 62
1773949498161 3.125e-05 63
1773949943099 3.125e-05 64
1773950391221 3.125e-05 65
1773950837872 3.125e-05 66
1773951283134 3.125e-05 67
1773951730657 1.5625e-05 68
1773952175541 1.5625e-05 69
1773952623261 1.5625e-05 70
1773953068144 1.5625e-05 71
1773953515831 1.5625e-05 72
1773953960653 1.5625e-05 73
1773954408517 7.8125e-06 74
1773954855505 7.8125e-06 75
1773955301223 7.8125e-06 76
1773955748996 7.8125e-06 77
1773956194190 7.8125e-06 78
1773956642049 7.8125e-06 79
1773957086299 3.90625e-06 80
1773957533474 3.90625e-06 81
1773957977599 3.90625e-06 82
1773958424829 3.90625e-06 83
1773958871462 3.90625e-06 84
1773959316586 3.90625e-06 85
1773959763922 1.953125e-06 86
1773960208206 1.953125e-06 87
1773960655454 1.953125e-06 88
1773961099551 1.953125e-06 89
1773961546751 1.953125e-06 90
1773961990938 1.953125e-06 91
1773962437997 9.765625e-07 92
1773962884270 9.765625e-07 93
1773963329217 9.765625e-07 94
1773963776451 9.765625e-07 95
1773964220863 9.765625e-07 96
1773964668196 9.765625e-07 97
1773965112330 4.8828125e-07 98
1773965559480 4.8828125e-07 99
1773966003467 4.8828125e-07 100
1773966450775 4.8828125e-07 101
1773966897017 4.8828125e-07 102
1773967342606 4.8828125e-07 103
1773967789845 2.44140625e-07 104
1773968234412 2.44140625e-07 105
1773968681743 2.44140625e-07 106
1773969126180 2.44140625e-07 107
1773969573391 2.44140625e-07 108
1773970017796 2.44140625e-07 109
1773970465225 1.220703125e-07 110
1773970911448 1.220703125e-07 111
1773971357274 1.220703125e-07 112
1773971804655 1.220703125e-07 113
1773972249208 1.220703125e-07 114
1773972696566 1.220703125e-07 115
1773973140682 6.103515625e-08 116
1773973587863 6.103515625e-08 117
1773974032295 6.103515625e-08 118
1773974479590 6.103515625e-08 119
1773974925365 6.103515625e-08 120
1773975370943 6.103515625e-08 121
1773975818215 3.0517578125e-08 122
1773976262681 3.0517578125e-08 123
1773976710034 3.0517578125e-08 124
1773977154530 3.0517578125e-08 125
1773977601997 3.0517578125e-08 126
1773978046621 3.0517578125e-08 127
1773978494006 1.52587890625e-08 128
1773978939725 1.52587890625e-08 129
1773979385939 1.52587890625e-08 130
1773979833352 1.52587890625e-08 131
1773980277953 1.52587890625e-08 132
1773980725346 1.52587890625e-08 133
1773981169834 1.52587890625e-08 134
1773981617050 1.52587890625e-08 135
1773982061467 1.52587890625e-08 136
1773982508694 1.52587890625e-08 137
1773982954077 1.52587890625e-08 138
1773983400222 1.52587890625e-08 139
1773983847451 1.52587890625e-08 140
1773984291331 1.52587890625e-08 141
1773984738548 1.52587890625e-08 142
1773985182688 1.52587890625e-08 143
1773985629631 1.52587890625e-08 144
1773986073476 1.52587890625e-08 145
1773986520581 1.52587890625e-08 146
1773986965559 1.52587890625e-08 147
1773987411860 1.52587890625e-08 148
1773987858847 1.52587890625e-08 149
1773988303041 1.52587890625e-08 150
1773988750031 1.52587890625e-08 151
1773989193717 1.52587890625e-08 152
1773989640582 1.52587890625e-08 153
1773990084262 1.52587890625e-08 154
1773990531177 1.52587890625e-08 155
1773990975964 1.52587890625e-08 156
1773991422225 1.52587890625e-08 157
1773991869160 1.52587890625e-08 158
1773992313407 1.52587890625e-08 159
1773992760791 1.52587890625e-08 160
1773993205053 1.52587890625e-08 161
1773993651969 1.52587890625e-08 162
1773994096254 1.52587890625e-08 163
1773994543714 1.52587890625e-08 164
1773994989739 1.52587890625e-08 165
1773995436935 1.52587890625e-08 166
1773995884652 1.52587890625e-08 167
1773996329911 1.52587890625e-08 168
1773996777777 1.52587890625e-08 169
1773997222585 1.52587890625e-08 170
1773997670527 1.52587890625e-08 171
1773998115604 1.52587890625e-08 172
1773998563711 1.52587890625e-08 173
1773999009547 1.52587890625e-08 174
1773999457055 1.52587890625e-08 175
1773999905080 1.52587890625e-08 176
1774000350745 1.52587890625e-08 177
1774000798754 1.52587890625e-08 178
1774001244177 1.52587890625e-08 179
1774001691890 1.52587890625e-08 180
1774002137256 1.52587890625e-08 181
1774002585395 1.52587890625e-08 182
1774003031573 1.52587890625e-08 183
1774003478825 1.52587890625e-08 184
1774003926892 1.52587890625e-08 185
1774004372465 1.52587890625e-08 186
1774004820588 1.52587890625e-08 187
1774005266006 1.52587890625e-08 188
1774005714216 1.52587890625e-08 189
1774006159878 1.52587890625e-08 190
1774006608182 1.52587890625e-08 191
1774007054813 1.52587890625e-08 192
1774007502194 1.52587890625e-08 193
1774007950951 1.52587890625e-08 194
1774008396356 1.52587890625e-08 195
1774008844963 1.52587890625e-08 196
1774009290525 1.52587890625e-08 197
1774009739217 1.52587890625e-08 198
1774010185137 1.52587890625e-08 199
1774010592314 1.52587890625e-08 200
