1773921646606 38.2859992980957 1
1773922092720 57.29399871826172 2
1773922540970 63.769996643066406 3
1773922986402 68.00799560546875 4
1773923434637 71.76399993896484 5
1773923879615 74.11799621582031 6
1773924327730 76.55599975585938 7
1773924773002 78.19999694824219 8
1773925221249 79.9000015258789 9
1773925668857 80.9939956665039 10
1773926114542 81.80400085449219 11
1773926562558 82.85800170898438 12
1773927007815 83.63199615478516 13
1773927455971 84.36799621582031 14
1773927901271 85.46399688720703 15
1773928349295 85.9739990234375 16
1773928794838 86.33999633789062 17
1773929242954 86.72200012207031 18
1773929690358 87.55400085449219 19
1773930136149 87.60399627685547 20
1773930584154 88.10199737548828 21
1773931029381 88.75599670410156 22
1773931477434 89.01200103759766 23
1773931922757 89.29399871826172 24
1773932370575 89.56399536132812 25
1773932815769 89.9739990234375 26
1773933263052 90.29000091552734 27
1773933710648 90.73400115966797 28
1773934155939 90.8699951171875 29
1773934603740 91.18799591064453 30
1773935048459 91.2699966430664 31
1773935496035 91.57599639892578 32
1773935940561 91.67599487304688 33
1773936388507 91.91799926757812 34
1773936833637 92.06599426269531 35
1773937280700 92.26399993896484 36
1773937727883 93.8239974975586 37
1773938173075 94.26599884033203 38
1773938620543 94.39999389648438 39
1773939065056 94.5219955444336 40
1773939512638 94.66199493408203 41
1773939957192 94.76200103759766 42
1773940404732 94.98199462890625 43
1773940849941 94.95600128173828 44
1773941296610 95.1259994506836 45
1773941744278 95.0479965209961 46
1773942188869 95.21399688720703 47
1773942636421 95.65599822998047 48
1773943081374 95.90599822998047 49
1773943529179 96.0999984741211 50
1773943973840 96.0999984741211 51
1773944421349 96.13599395751953 52
1773944866882 96.18199920654297 53
1773945313620 96.28399658203125 54
1773945761041 96.25399780273438 55
1773946205284 96.46599578857422 56
1773946652717 96.67799377441406 57
1773947097088 96.7439956665039 58
1773947544638 96.80799865722656 59
1773947988937 96.66600036621094 60
1773948436383 96.88199615478516 61
1773948882256 96.75 62
1773949329260 96.84600067138672 63
1773949777126 96.83999633789062 64
1773950221791 96.9739990234375 65
1773950669301 97.07599639892578 66
1773951113664 96.98799896240234 67
1773951561098 96.99800109863281 68
1773952005734 96.93799591064453 69
1773952453211 96.96399688720703 70
1773952898841 97.11399841308594 71
1773953345276 97.01399993896484 72
1773953792744 97.12999725341797 73
1773954237623 97.12999725341797 74
1773954685186 97.08200073242188 75
1773955130253 97.24199676513672 76
1773955577905 97.2979965209961 77
1773956022713 97.3239974975586 78
1773956470280 97.3479995727539 79
1773956916148 97.18000030517578 80
1773957361489 97.39799499511719 81
1773957808277 97.23600006103516 82
1773958251968 97.25999450683594 83
1773958699061 97.29199981689453 84
1773959143197 97.25999450683594 85
1773959590071 97.38599395751953 86
1773960033927 97.25399780273438 87
1773960480910 97.30999755859375 88
1773960925808 97.30400085449219 89
1773961371261 97.31399536132812 90
1773961818165 97.3239974975586 91
1773962261601 97.4020004272461 92
1773962708491 97.43000030517578 93
1773963152101 97.53399658203125 94
1773963599099 97.33200073242188 95
1773964042851 97.36000061035156 96
1773964489789 97.35399627685547 97
1773964934646 97.41799926757812 98
1773965380210 97.2979965209961 99
1773965827011 97.26200103759766 100
1773966270617 97.32999420166016 101
1773966717626 97.45399475097656 102
1773967161642 97.3479995727539 103
1773967608739 97.30799865722656 104
1773968052982 97.44200134277344 105
1773968500135 97.4020004272461 106
1773968945040 97.45199584960938 107
1773969391191 97.25 108
1773969838273 97.32999420166016 109
1773970282504 97.44999694824219 110
1773970729622 97.37799835205078 111
1773971173780 97.42399597167969 112
1773971621011 97.38599395751953 113
1773972065138 97.41399383544922 114
1773972512344 97.36599731445312 115
1773972957265 97.447998046875 116
1773973403271 97.30599975585938 117
1773973850310 97.3740005493164 118
1773974294554 97.41399383544922 119
1773974741803 97.54000091552734 120
1773975185632 97.29999542236328 121
1773975632779 97.30400085449219 122
1773976077013 97.32999420166016 123
1773976524279 97.37199401855469 124
1773976969277 97.38800048828125 125
1773977415906 97.44599914550781 126
1773977863219 97.38199615478516 127
1773978307811 97.44400024414062 128
1773978755171 97.39599609375 129
1773979199692 97.30999755859375 130
1773979647065 97.34199523925781 131
1773980091622 97.39199829101562 132
1773980539042 97.31999969482422 133
1773980983786 97.44200134277344 134
1773981430476 97.37199401855469 135
1773981877371 97.26799774169922 136
1773982321886 97.32999420166016 137
1773982768911 97.44200134277344 138
1773983212741 97.32799530029297 139
1773983659596 97.39999389648438 140
1773984103248 97.40799713134766 141
1773984550438 97.39999389648438 142
1773984994731 97.33999633789062 143
1773985441232 97.39999389648438 144
1773985887588 97.39999389648438 145
1773986331746 97.40599822998047 146
1773986778533 97.37999725341797 147
1773987222263 97.27999877929688 148
1773987669057 97.39999389648438 149
1773988112860 97.43799591064453 150
1773988559624 97.31999969482422 151
1773989003566 97.4679946899414 152
1773989450132 97.53799438476562 153
1773989896764 97.41399383544922 154
1773990340890 97.40599822998047 155
1773990787548 97.39599609375 156
1773991231461 97.4020004272461 157
1773991678208 97.4939956665039 158
1773992122337 97.51200103759766 159
1773992569439 97.3740005493164 160
1773993013548 97.343994140625 161
1773993460458 97.48199462890625 162
1773993906683 97.35399627685547 163
1773994351223 97.55999755859375 164
1773994798512 97.41999816894531 165
1773995243756 97.4939956665039 166
1773995691228 97.48199462890625 167
1773996135937 97.36399841308594 168
1773996583685 97.32799530029297 169
1773997028640 97.44599914550781 170
1773997476088 97.31999969482422 171
1773997923460 97.36399841308594 172
1773998368625 97.35399627685547 173
1773998816506 97.37799835205078 174
1773999261850 97.3740005493164 175
1773999709618 97.31599426269531 176
1774000155012 97.38999938964844 177
1774000602921 97.35599517822266 178
1774001048366 97.46399688720703 179
1774001495871 97.35199737548828 180
1774001943243 97.46599578857422 181
1774002388557 97.3759994506836 182
1774002836275 97.51799774169922 183
1774003281435 97.43000030517578 184
1774003729357 97.45600128173828 185
1774004174660 97.14599609375 186
1774004622534 97.37199401855469 187
1774005068409 97.40599822998047 188
1774005515721 97.33399963378906 189
1774005963921 97.43599700927734 190
1774006409095 97.3239974975586 191
1774006857318 97.447998046875 192
1774007303103 97.39999389648438 193
1774007751334 97.43399810791016 194
1774008196803 97.38599395751953 195
1774008645084 97.48400115966797 196
1774009091282 97.37799835205078 197
1774009538715 97.36799621582031 198
1774009987021 97.3699951171875 199
1774010432378 97.36399841308594 200
