1773921682576 54.77000045776367 0
1773922129316 65.8699951171875 0
1773922577466 69.83000183105469 0
1773923022957 72.77999877929688 0
1773923471108 76.80999755859375 0
1773923916101 77.86000061035156 0
1773924364172 80.23999786376953 0
1773924809553 80.72999572753906 0
1773925257834 82.93999481201172 0
1773925704632 84.19999694824219 0
1773926151136 84.19999694824219 0
1773926599087 84.43999481201172 0
1773927044275 85.47000122070312 0
1773927492506 85.47000122070312 0
1773927937662 87.08999633789062 0
1773928386010 87.08999633789062 0
1773928831223 87.22000122070312 0
1773929279465 87.22000122070312 0
1773929726245 87.98999786376953 0
1773930172628 88.25 0
1773930620635 88.25 0
1773931065908 88.25 0
1773931513944 89.15999603271484 0
1773931959199 89.15999603271484 0
1773932406933 89.15999603271484 0
1773932851721 89.15999603271484 0
1773933299544 89.48999786376953 0
1773933746254 89.48999786376953 0
1773934192402 89.48999786376953 0
1773934640137 89.57999420166016 0
1773935084825 89.57999420166016 0
1773935532462 89.57999420166016 0
1773935977023 90.00999450683594 0
1773936424982 90.00999450683594 0
1773936869450 90.00999450683594 0
1773937317062 90.00999450683594 0
1773937763518 91.07999420166016 0
1773938209426 91.07999420166016 0
1773938656921 91.07999420166016 0
1773939101451 91.16999816894531 0
1773939548982 91.29000091552734 0
1773939993547 91.36000061035156 0
1773940441120 91.47000122070312 0
1773940885626 91.47000122070312 0
1773941332990 91.69999694824219 0
1773941779946 91.69999694824219 0
1773942225273 91.69999694824219 0
1773942672903 91.72000122070312 0
1773943117825 91.8699951171875 0
1773943565580 92.05999755859375 0
1773944010192 92.05999755859375 0
1773944457850 92.05999755859375 0
1773944902357 92.14999389648438 0
1773945349976 92.14999389648438 0
1773945796770 92.14999389648438 0
1773946241653 92.14999389648438 0
1773946689062 92.31999969482422 0
1773947133582 92.31999969482422 0
1773947580974 92.31999969482422 0
1773948025350 92.31999969482422 0
1773948472731 92.32999420166016 0
1773948917925 92.43000030517578 0
1773949365750 92.43000030517578 0
1773949813177 92.43000030517578 0
1773950258182 92.43999481201172 0
1773950705680 92.43999481201172 0
1773951150087 92.43999481201172 0
1773951597421 92.43999481201172 0
1773952042120 92.43999481201172 0
1773952489629 92.43999481201172 0
1773952934474 92.43999481201172 0
1773953381596 92.43999481201172 0
1773953828938 92.43999481201172 0
1773954274076 92.43999481201172 0
1773954721590 92.54999542236328 0
1773955166740 92.54999542236328 0
1773955614306 92.54999542236328 0
1773956059188 92.54999542236328 0
1773956506670 92.54999542236328 0
1773956951754 92.54999542236328 0
1773957397671 92.54999542236328 0
1773957844347 92.54999542236328 0
1773958288146 92.54999542236328 0
1773958735315 92.54999542236328 0
1773959179419 92.54999542236328 0
1773959626286 92.54999542236328 0
1773960070122 92.5999984741211 0
1773960517173 92.5999984741211 0
1773960961334 92.5999984741211 0
1773961407485 92.5999984741211 0
1773961854111 92.5999984741211 0
1773962297806 92.5999984741211 0
1773962744673 92.63999938964844 0
1773963188334 92.63999938964844 0
1773963635298 92.63999938964844 0
1773964079025 92.63999938964844 0
1773964525992 92.63999938964844 0
1773964970181 92.63999938964844 0
1773965416400 92.63999938964844 0
1773965862855 92.63999938964844 0
1773966306821 92.63999938964844 0
1773966753849 92.63999938964844 0
1773967197871 92.63999938964844 0
1773967644984 92.63999938964844 0
1773968089226 92.63999938964844 0
1773968536362 92.63999938964844 0
1773968980592 92.63999938964844 0
1773969427430 92.63999938964844 0
1773969873932 92.63999938964844 0
1773970318784 92.63999938964844 0
1773970765859 92.63999938964844 0
1773971210048 92.63999938964844 0
1773971657232 92.63999938964844 0
1773972101371 92.63999938964844 0
1773972548616 92.63999938964844 0
1773972992467 92.63999938964844 0
1773973439475 92.63999938964844 0
1773973885940 92.63999938964844 0
1773974330789 92.63999938964844 0
1773974778042 92.63999938964844 0
1773975221844 92.63999938964844 0
1773975669030 92.63999938964844 0
1773976113272 92.63999938964844 0
1773976560561 92.63999938964844 0
1773977004945 92.63999938964844 0
1773977452188 92.63999938964844 0
1773977898705 92.63999938964844 0
1773978344083 92.63999938964844 0
1773978791417 92.63999938964844 0
1773979235988 92.63999938964844 0
1773979683382 92.63999938964844 0
1773980127959 92.63999938964844 0
1773980575251 92.63999938964844 0
1773981019630 92.63999938964844 0
1773981466756 92.63999938964844 0
1773981912856 92.63999938964844 0
1773982358143 92.63999938964844 0
1773982805109 92.63999938964844 0
1773983248936 92.63999938964844 0
1773983695840 92.63999938964844 0
1773984139469 92.63999938964844 0
1773984586684 92.63999938964844 0
1773985030669 92.63999938964844 0
1773985477482 92.63999938964844 0
1773985923139 92.63999938964844 0
1773986367968 92.63999938964844 0
1773986814714 92.63999938964844 0
1773987258463 92.63999938964844 0
1773987705265 92.63999938964844 0
1773988149054 92.63999938964844 0
1773988595849 92.63999938964844 0
1773989039290 92.63999938964844 0
1773989486351 92.63999938964844 0
1773989932341 92.63999938964844 0
1773990377081 92.63999938964844 0
1773990823730 92.63999938964844 0
1773991267636 92.63999938964844 0
1773991714454 92.63999938964844 0
1773992158588 92.63999938964844 0
1773992605682 92.63999938964844 0
1773993049803 92.63999938964844 0
1773993496726 92.63999938964844 0
1773993942191 92.63999938964844 0
1773994387380 92.63999938964844 0
1773994835143 92.63999938964844 0
1773995280143 92.63999938964844 0
1773995727631 92.63999938964844 0
1773996172330 92.63999938964844 0
1773996620209 92.63999938964844 0
1773997064717 92.63999938964844 0
1773997512520 92.63999938964844 0
1773997959074 92.63999938964844 0
1773998405124 92.63999938964844 0
1773998853039 92.63999938964844 0
1773999298342 92.63999938964844 0
1773999746149 92.63999938964844 0
1774000191604 92.63999938964844 0
1774000639397 92.63999938964844 0
1774001084585 92.63999938964844 0
1774001532322 92.63999938964844 0
1774001978868 92.63999938964844 0
1774002424979 92.63999938964844 0
1774002872701 92.63999938964844 0
1774003318050 92.63999938964844 0
1774003765825 92.63999938964844 0
1774004211175 92.63999938964844 0
1774004659167 92.63999938964844 0
1774005104318 92.63999938964844 0
1774005552330 92.63999938964844 0
1774005999554 92.63999938964844 0
1774006445617 92.63999938964844 0
1774006894139 92.63999938964844 0
1774007339703 92.63999938964844 0
1774007788011 92.63999938964844 0
1774008233475 92.63999938964844 0
1774008681727 92.63999938964844 0
1774009127116 92.63999938964844 0
1774009575376 92.63999938964844 0
1774010022937 92.63999938964844 0
1774010468927 92.63999938964844 0
