1773921646610 3.9578652604675293 1
1773922092723 3.3847118299102785 2
1773922540972 2.9868913298034667 3
1773922986405 2.7225891845703125 4
1773923434638 2.4917613232421876 5
1773923879616 2.31456005317688 6
1773924327732 2.1438761105346678 7
1773924773005 2.0126349868011473 8
1773925221252 1.863948683166504 9
1773925668859 1.7596676760864258 10
1773926114545 1.6902681744003296 11
1773926562560 1.6053585578155518 12
1773927007818 1.5279634358406067 13
1773927455974 1.4358603568935395 14
1773927901273 1.353391717453003 15
1773928349297 1.29850226020813 16
1773928794841 1.2596431268692017 17
1773929242956 1.2206927158355714 18
1773929690361 1.1593244407463075 19
1773930136151 1.1251294425201417 20
1773930584155 1.0806961812973022 21
1773931029382 1.018934319038391 22
1773931477436 1.0011910037994385 23
1773931922760 0.9789076119232177 24
1773932370576 0.9461375246047974 25
1773932815770 0.9098386066818237 26
1773933263054 0.8771133555221557 27
1773933710650 0.8494998271942139 28
1773934155941 0.8451952104949951 29
1773934603742 0.7863571741485595 30
1773935048460 0.8034449200630188 31
1773935496038 0.7624163514709472 32
1773935940563 0.7533168271064759 33
1773936388508 0.7160451461410522 34
1773936833640 0.7162242063713073 35
1773937280703 0.6965204318618774 36
1773937727885 0.5336562734150887 37
1773938173076 0.5060504482841491 38
1773938620544 0.4924387085056305 39
1773939065059 0.48869922829627993 40
1773939512640 0.4819176972723007 41
1773939957195 0.45955378658294677 42
1773940404735 0.4527506452322006 43
1773940849942 0.4379648891353607 44
1773941296611 0.4271182383152842 45
1773941744280 0.4232718053436279 46
1773942188871 0.4241356085367501 47
1773942636424 0.3646483166484535 48
1773943081377 0.35976132229693697 49
1773943529182 0.3466766825771332 50
1773943973842 0.33257301244229076 51
1773944421352 0.33210822107378396 52
1773944866885 0.33041009162191304 53
1773945313621 0.32431987902909515 54
1773945761043 0.3273650697693229 55
1773946205287 0.3103022245168686 56
1773946652719 0.28542380207836626 57
1773947097091 0.28374024926902724 58
1773947544641 0.27327356445486645 59
1773947988940 0.29402627963602546 60
1773948436384 0.2707739313915372 61
1773948882259 0.2905300358810276 62
1773949329263 0.2750583677512407 63
1773949777129 0.27295479827702046 64
1773950221793 0.2741609917343501 65
1773950669303 0.25876124493449926 66
1773951113666 0.25886286465192215 67
1773951561100 0.26293915065625684 68
1773952005736 0.26286347919652236 69
1773952453212 0.2620032629958913 70
1773952898843 0.2456305979847722 71
1773953345279 0.2602219738073274 72
1773953792747 0.2553249599009543 73
1773954237625 0.24730282155387104 74
1773954685188 0.259755185913872 75
1773955130256 0.23769832582813222 76
1773955577908 0.2400057487178369 77
1773956022715 0.2321309064644715 78
1773956470282 0.23480232901390177 79
1773956916151 0.24406811481080135 80
1773957361491 0.22343168734129518 81
1773957808279 0.23590634698712848 82
1773958251969 0.24060812478481095 83
1773958699063 0.24454339525274932 84
1773959143198 0.2312603146625636 85
1773959590074 0.2268774652142761 86
1773960033929 0.22989337062473408 87
1773960480913 0.22729323069371282 88
1773960925809 0.23374137367957737 89
1773961371264 0.2281396559696982 90
1773961818168 0.23039811736924573 91
1773962261604 0.2296516769152414 92
1773962708493 0.22315408367997966 93
1773963152102 0.21393546764103405 94
1773963599102 0.23679913385478285 95
1773964042853 0.2265361402263143 96
1773964489792 0.23359067274600268 97
1773964934649 0.22337517567565782 98
1773965380212 0.23157595811229198 99
1773965827014 0.2402413665868924 100
1773966270620 0.22555503250229114 101
1773966717629 0.21986828183529725 102
1773967161645 0.23120377460284158 103
1773967608741 0.22974574626336805 104
1773968052983 0.22174581919765304 105
1773968500137 0.22467777952295526 106
1773968945043 0.21959811760422773 107
1773969391192 0.23044291598948186 108
1773969838274 0.22273356474921108 109
1773970282505 0.21575803763561416 110
1773970729624 0.21388000616937874 111
1773971173781 0.23072125968153298 112
1773971621014 0.22643767252032646 113
1773972065140 0.22643721360679017 114
1773972512345 0.22839187882075085 115
1773972957267 0.20779719152879436 116
1773973403273 0.23799600502774118 117
1773973850313 0.23506933657582849 118
1773974294557 0.21820785376904533 119
1773974741806 0.2179341523841326 120
1773975185634 0.2321060727904993 121
1773975632782 0.23412278467278927 122
1773976077016 0.2352204880738887 123
1773976524280 0.2257993330583535 124
1773976969280 0.22622445092570037 125
1773977415907 0.2184411001401022 126
1773977863222 0.2319841087402648 127
1773978307814 0.21723091397149255 128
1773978755172 0.2126442435056763 129
1773979199694 0.23759912103097894 130
1773979647066 0.23741885445944733 131
1773980091626 0.21878076455354226 132
1773980539044 0.23049461775779725 133
1773980983789 0.22571697836108623 134
1773981430479 0.23033214454083584 135
1773981877373 0.23298830884311872 136
1773982321888 0.23285399038159887 137
1773982768914 0.22135017764488527 138
1773983212742 0.23566881090471056 139
1773983659597 0.22070275156408548 140
1773984103250 0.2290546933318174 141
1773984550440 0.2264626282706461 142
1773984994732 0.23666716357463038 143
1773985441235 0.21970537709520663 144
1773985887590 0.22534474814277142 145
1773986331749 0.2205147393245579 146
1773986778536 0.22801017658081837 147
1773987222265 0.24063749459590472 148
1773987669060 0.2271739477331878 149
1773988112862 0.23171429353443906 150
1773988559625 0.23222953426457943 151
1773989003567 0.222382868802608 152
1773989450135 0.213139918449549 153
1773989896765 0.22807075156454928 154
1773990340892 0.23062620612308615 155
1773990787551 0.23436127852018923 156
1773991231462 0.21758579473540188 157
1773991678210 0.21458778301252984 158
1773992122339 0.21644367672144668 159
1773992569441 0.23112737590466625 160
1773993013551 0.22213131920047105 161
1773993460461 0.23316898993548005 162
1773993906685 0.2335688979951374 163
1773994351225 0.22202769647320733 164
1773994798515 0.22345000515886118 165
1773995243759 0.21621140172287823 166
1773995691232 0.22511976365397918 167
1773996135938 0.22817571182880317 168
1773996583689 0.22836362728490028 169
1773997028643 0.21543236466863658 170
1773997476089 0.23579625610028562 171
1773997923462 0.22342209876503796 172
1773998368628 0.23929907297914382 173
1773998816507 0.2228210985164484 174
1773999261851 0.22865581942476332 175
1773999709619 0.22718041373096057 176
1774000155013 0.2239624187480123 177
1774000602923 0.23372955559752184 178
1774001048368 0.21942845409948844 179
1774001495874 0.24218868565525992 180
1774001943245 0.2095586138619634 181
1774002388559 0.22567654235508758 182
1774002836276 0.22203904641917557 183
1774003281437 0.22552343353850302 184
1774003729359 0.21908861318243433 185
1774004174662 0.24515308837100863 186
1774004622537 0.23051226641415384 187
1774005068410 0.23271453955792124 188
1774005515725 0.23723869210932405 189
1774005963924 0.22630944215364615 190
1774006409097 0.24030760568071158 191
1774006857320 0.22266628178853076 192
1774007303105 0.22217908063974232 193
1774007751337 0.22988210328122063 194
1774008196805 0.21704244513023355 195
1774008645085 0.22445116683738306 196
1774009091285 0.2325204628675524 197
1774009538718 0.23206831340431003 198
1774009987024 0.23219982225424143 199
1774010432381 0.22614133625282098 200
