1773921682797 0.001 1
1773922129455 0.001 2
1773922577590 0.001 3
1773923023201 0.001 4
1773923471245 0.001 5
1773923916240 0.001 6
1773924364323 0.001 7
1773924809757 0.001 8
1773925258042 0.001 9
1773925704775 0.001 10
1773926151137 0.001 11
1773926599246 0.001 12
1773927044497 0.001 13
1773927492507 0.001 14
1773927937893 0.001 15
1773928386012 0.001 16
1773928831433 0.001 17
1773929279466 0.001 18
1773929726481 0.001 19
1773930172766 0.001 20
1773930620636 0.001 21
1773931065909 0.001 22
1773931514181 0.001 23
1773931959200 0.001 24
1773932406935 0.001 25
1773932851722 0.001 26
1773933299734 0.001 27
1773933746255 0.001 28
1773934192403 0.001 29
1773934640341 0.001 30
1773935084827 0.001 31
1773935532463 0.001 32
1773935977212 0.001 33
1773936424983 0.001 34
1773936869451 0.001 35
1773937317063 0.0005 36
1773937763641 0.0005 37
1773938209427 0.0005 38
1773938656923 0.0005 39
1773939101662 0.0005 40
1773939549215 0.0005 41
1773939993737 0.0005 42
1773940441323 0.0005 43
1773940885627 0.0005 44
1773941333209 0.0005 45
1773941779946 0.0005 46
1773942225274 0.00025 47
1773942673101 0.00025 48
1773943117968 0.00025 49
1773943565716 0.00025 50
1773944010193 0.00025 51
1773944457851 0.00025 52
1773944902499 0.00025 53
1773945349977 0.00025 54
1773945796772 0.00025 55
1773946241654 0.000125 56
1773946689205 0.000125 57
1773947133583 0.000125 58
1773947580975 0.000125 59
1773948025351 0.000125 60
1773948472968 0.000125 61
1773948918142 0.000125 62
1773949365751 0.000125 63
1773949813178 0.000125 64
1773950258323 0.000125 65
1773950705681 0.000125 66
1773951150088 0.000125 67
1773951597422 0.000125 68
1773952042122 6.25e-05 69
1773952489630 6.25e-05 70
1773952934475 6.25e-05 71
1773953381597 6.25e-05 72
1773953828939 6.25e-05 73
1773954274078 6.25e-05 74
1773954721790 3.125e-05 75
1773955166742 3.125e-05 76
1773955614307 3.125e-05 77
1773956059189 3.125e-05 78
1773956506670 3.125e-05 79
1773956951755 3.125e-05 80
1773957397672 1.5625e-05 81
1773957844348 1.5625e-05 82
1773958288147 1.5625e-05 83
1773958735316 1.5625e-05 84
1773959179421 1.5625e-05 85
1773959626287 1.5625e-05 86
1773960070327 7.8125e-06 87
1773960517174 7.8125e-06 88
1773960961335 7.8125e-06 89
1773961407486 7.8125e-06 90
1773961854112 7.8125e-06 91
1773962297807 7.8125e-06 92
1773962744819 3.90625e-06 93
1773963188335 3.90625e-06 94
1773963635300 3.90625e-06 95
1773964079026 3.90625e-06 96
1773964525993 3.90625e-06 97
1773964970182 3.90625e-06 98
1773965416401 1.953125e-06 99
1773965862856 1.953125e-06 100
1773966306822 1.953125e-06 101
1773966753850 1.953125e-06 102
1773967197872 1.953125e-06 103
1773967644985 1.953125e-06 104
1773968089227 9.765625e-07 105
1773968536363 9.765625e-07 106
1773968980593 9.765625e-07 107
1773969427432 9.765625e-07 108
1773969873933 9.765625e-07 109
1773970318785 9.765625e-07 110
1773970765860 4.8828125e-07 111
1773971210050 4.8828125e-07 112
1773971657233 4.8828125e-07 113
1773972101372 4.8828125e-07 114
1773972548618 4.8828125e-07 115
1773972992468 4.8828125e-07 116
1773973439476 2.44140625e-07 117
1773973885942 2.44140625e-07 118
1773974330790 2.44140625e-07 119
1773974778043 2.44140625e-07 120
1773975221845 2.44140625e-07 121
1773975669031 2.44140625e-07 122
1773976113273 1.220703125e-07 123
1773976560562 1.220703125e-07 124
1773977004946 1.220703125e-07 125
1773977452189 1.220703125e-07 126
1773977898706 1.220703125e-07 127
1773978344084 1.220703125e-07 128
1773978791418 6.103515625e-08 129
1773979235990 6.103515625e-08 130
1773979683383 6.103515625e-08 131
1773980127960 6.103515625e-08 132
1773980575252 6.103515625e-08 133
1773981019631 6.103515625e-08 134
1773981466757 3.0517578125e-08 135
1773981912857 3.0517578125e-08 136
1773982358144 3.0517578125e-08 137
1773982805110 3.0517578125e-08 138
1773983248938 3.0517578125e-08 139
1773983695841 3.0517578125e-08 140
1773984139470 1.52587890625e-08 141
1773984586685 1.52587890625e-08 142
1773985030671 1.52587890625e-08 143
1773985477484 1.52587890625e-08 144
1773985923141 1.52587890625e-08 145
1773986367969 1.52587890625e-08 146
1773986814716 1.52587890625e-08 147
1773987258464 1.52587890625e-08 148
1773987705266 1.52587890625e-08 149
1773988149055 1.52587890625e-08 150
1773988595850 1.52587890625e-08 151
1773989039291 1.52587890625e-08 152
1773989486353 1.52587890625e-08 153
1773989932342 1.52587890625e-08 154
1773990377082 1.52587890625e-08 155
1773990823731 1.52587890625e-08 156
1773991267639 1.52587890625e-08 157
1773991714455 1.52587890625e-08 158
1773992158589 1.52587890625e-08 159
1773992605684 1.52587890625e-08 160
1773993049804 1.52587890625e-08 161
1773993496727 1.52587890625e-08 162
1773993942192 1.52587890625e-08 163
1773994387381 1.52587890625e-08 164
1773994835144 1.52587890625e-08 165
1773995280144 1.52587890625e-08 166
1773995727633 1.52587890625e-08 167
1773996172331 1.52587890625e-08 168
1773996620210 1.52587890625e-08 169
1773997064718 1.52587890625e-08 170
1773997512522 1.52587890625e-08 171
1773997959075 1.52587890625e-08 172
1773998405125 1.52587890625e-08 173
1773998853041 1.52587890625e-08 174
1773999298343 1.52587890625e-08 175
1773999746150 1.52587890625e-08 176
1774000191605 1.52587890625e-08 177
1774000639398 1.52587890625e-08 178
1774001084587 1.52587890625e-08 179
1774001532323 1.52587890625e-08 180
1774001978869 1.52587890625e-08 181
1774002424980 1.52587890625e-08 182
1774002872702 1.52587890625e-08 183
1774003318051 1.52587890625e-08 184
1774003765826 1.52587890625e-08 185
1774004211176 1.52587890625e-08 186
1774004659168 1.52587890625e-08 187
1774005104319 1.52587890625e-08 188
1774005552331 1.52587890625e-08 189
1774005999556 1.52587890625e-08 190
1774006445618 1.52587890625e-08 191
1774006894140 1.52587890625e-08 192
1774007339704 1.52587890625e-08 193
1774007788012 1.52587890625e-08 194
1774008233476 1.52587890625e-08 195
1774008681729 1.52587890625e-08 196
1774009127117 1.52587890625e-08 197
1774009575377 1.52587890625e-08 198
1774010022938 1.52587890625e-08 199
1774010468928 1.52587890625e-08 200
