1774641311151 25.122222900390625 1
1774641511796 38.38888931274414 2
1774641705958 45.344444274902344 3
1774641899169 49.60000228881836 4
1774642091896 52.63333511352539 5
1774642288279 55.511112213134766 6
1774642488155 58.10000228881836 7
1774642680220 60.96666717529297 8
1774642873895 63.32222366333008 9
1774643067203 65.0 10
1774643264274 71.5 11
1774643463045 74.23333740234375 12
1774643656793 74.5111083984375 13
1774643850235 76.94444274902344 14
1774644042710 78.74444580078125 15
1774644239596 80.64444732666016 16
1774644438800 81.61111450195312 17
1774644632824 87.06666564941406 18
1774644825756 88.73333740234375 19
1774645019214 90.02222442626953 20
1774645216321 91.56666564941406 21
1774645414391 92.16666412353516 22
1774645607573 93.23333740234375 23
1774645800742 95.5 24
1774645994460 96.45555877685547 25
1774646190741 97.28888702392578 26
1774646388465 96.96666717529297 27
1774646581879 97.75555419921875 28
1774646774641 98.05555725097656 29
1774646967366 98.62222290039062 30
1774647165808 98.96666717529297 31
1774647363187 99.05555725097656 32
1774647555430 99.11111450195312 33
1774647748516 99.24444580078125 34
1774647941657 99.27777862548828 35
1774648140217 99.56666564941406 36
1774648336606 99.62222290039062 37
1774648529947 99.5888900756836 38
1774648723522 99.66666412353516 39
1774648915560 99.67778015136719 40
1774649115399 99.62222290039062 41
1774649311710 99.76667022705078 42
1774649505522 99.87777709960938 43
1774649698131 99.78888702392578 44
1774649890983 99.74444580078125 45
1774650090320 99.75555419921875 46
1774650284235 99.82221984863281 47
1774650476927 99.83333587646484 48
1774650669675 99.83333587646484 49
1774650863983 99.82221984863281 50
1774651062610 99.83333587646484 51
1774651256676 99.82221984863281 52
1774651449193 99.77777862548828 53
1774651641345 99.86666870117188 54
1774651836032 99.85556030273438 55
1774652035747 99.8888931274414 56
1774652228502 99.86666870117188 57
1774652420180 99.9111099243164 58
1774652612831 99.82221984863281 59
1774652808618 99.9000015258789 60
1774653007065 99.86666870117188 61
1774653199937 99.83333587646484 62
1774653392557 99.94444274902344 63
1774653585221 99.85556030273438 64
1774653780957 99.84444427490234 65
1774653979547 99.92222595214844 66
1774654172581 99.9000015258789 67
1774654365545 99.87777709960938 68
1774654558108 99.83333587646484 69
1774654756000 99.87777709960938 70
1774654953534 99.9000015258789 71
1774655145377 99.9000015258789 72
1774655338394 99.94444274902344 73
1774655531428 99.8888931274414 74
1774655729463 99.81111145019531 75
1774655925249 99.86666870117188 76
1774656118051 99.8888931274414 77
1774656310971 99.8888931274414 78
1774656502668 99.92222595214844 79
1774656701498 99.8888931274414 80
1774656897432 99.92222595214844 81
1774657090113 99.8888931274414 82
1774657281811 99.9000015258789 83
1774657474918 99.9000015258789 84
1774657674518 99.84444427490234 85
1774657868338 99.87777709960938 86
1774658061344 99.9111099243164 87
1774658254208 99.92222595214844 88
1774658448359 99.86666870117188 89
1774658647353 99.8888931274414 90
1774658841847 99.93333435058594 91
1774659034677 99.92222595214844 92
1774659226357 99.85556030273438 93
1774659421394 99.9000015258789 94
1774659621108 99.93333435058594 95
1774659814458 99.9111099243164 96
1774660006897 99.86666870117188 97
1774660200896 99.87777709960938 98
1774660397143 99.92222595214844 99
1774660596357 99.93333435058594 100
1774660789076 99.87777709960938 101
1774660982207 99.93333435058594 102
1774661175891 99.93333435058594 103
1774661371383 99.92222595214844 104
1774661570878 99.9111099243164 105
1774661764521 99.9000015258789 106
1774661957497 99.94444274902344 107
1774662150320 99.83333587646484 108
1774662347467 99.8888931274414 109
1774662546552 99.9111099243164 110
1774662738790 99.8888931274414 111
1774662932020 99.8888931274414 112
1774663125387 99.9000015258789 113
1774663323288 99.8888931274414 114
1774663520067 99.8888931274414 115
1774663722306 99.9000015258789 116
1774663981507 99.84444427490234 117
1774664240042 99.9000015258789 118
1774664504786 99.86666870117188 119
1774664764972 99.86666870117188 120
1774665024412 99.8888931274414 121
1774665283563 99.92222595214844 122
1774665542878 99.8888931274414 123
1774665806865 99.82221984863281 124
1774666067685 99.9111099243164 125
1774666327459 99.9111099243164 126
1774666585497 99.92222595214844 127
1774666845371 99.9111099243164 128
1774667111214 99.9111099243164 129
1774667356340 99.87777709960938 130
1774667549234 99.93333435058594 131
1774667741916 99.92222595214844 132
1774667937988 99.86666870117188 133
1774668138350 99.83333587646484 134
1774668331795 99.95555877685547 135
1774668524194 99.87777709960938 136
1774668717352 99.87777709960938 137
1774668913793 99.86666870117188 138
1774669112916 99.92222595214844 139
1774669306311 99.8888931274414 140
1774669499564 99.92222595214844 141
1774669693292 99.9000015258789 142
1774669889181 99.95555877685547 143
1774670088181 99.92222595214844 144
1774670282035 99.9000015258789 145
1774670475483 99.8888931274414 146
1774670668338 99.92222595214844 147
1774670865611 99.8888931274414 148
1774671024212 99.92222595214844 149
1774671151922 99.9000015258789 150
1774671279096 99.92222595214844 151
1774671406508 99.93333435058594 152
1774671537150 99.85556030273438 153
1774671671683 99.9111099243164 154
1774671799554 99.85556030273438 155
1774671926595 99.86666870117188 156
1774672053845 99.8888931274414 157
1774672183190 99.93333435058594 158
1774672317532 99.8888931274414 159
1774672447176 99.85556030273438 160
1774672574197 99.8888931274414 161
1774672701181 99.8888931274414 162
1774672829504 99.80000305175781 163
1774672963859 99.85556030273438 164
1774673094557 99.84444427490234 165
1774673221888 99.8888931274414 166
1774673349213 99.87777709960938 167
1774673477146 99.9111099243164 168
1774673611062 99.9000015258789 169
1774673743513 99.94444274902344 170
1774673871009 99.9000015258789 171
1774673999109 99.9000015258789 172
1774674126985 99.9111099243164 173
1774674259498 99.8888931274414 174
1774674393786 99.86666870117188 175
1774674521978 99.87777709960938 176
1774674649882 99.84444427490234 177
1774674777238 99.86666870117188 178
1774674908136 99.8888931274414 179
1774675043062 99.9000015258789 180
1774675172489 99.9111099243164 181
1774675300252 99.95555877685547 182
1774675428120 99.86666870117188 183
1774675557209 99.94444274902344 184
1774675691843 99.85556030273438 185
1774675822825 99.93333435058594 186
1774675950430 99.9000015258789 187
1774676078041 99.92222595214844 188
1774676205881 99.95555877685547 189
1774676340090 99.8888931274414 190
1774676472324 99.86666870117188 191
1774676600160 99.86666870117188 192
1774676727799 99.86666870117188 193
1774676855400 99.9000015258789 194
1774676988619 99.8888931274414 195
1774677121142 99.86666870117188 196
1774677248771 99.9000015258789 197
1774677376279 99.87777709960938 198
1774677503874 99.8888931274414 199
1774677636127 99.85556030273438 200
