1774641319726 35.20000076293945 0
1774641520260 41.80000305175781 0
1774641715603 48.30000305175781 0
1774641908155 51.10000228881836 0
1774642101432 51.10000228881836 0
1774642296829 55.500003814697266 0
1774642496991 55.500003814697266 0
1774642689762 59.000003814697266 0
1774642883492 59.000003814697266 0
1774643076983 62.20000457763672 0
1774643271926 66.0 0
1774643472044 66.30000305175781 0
1774643666348 66.70000457763672 0
1774643859797 67.0 0
1774644052233 68.4000015258789 0
1774644248242 68.4000015258789 0
1774644448357 69.20000457763672 0
1774644641871 71.60000610351562 0
1774644835333 71.60000610351562 0
1774645028807 71.60000610351562 0
1774645224835 71.70000457763672 0
1774645423944 71.70000457763672 0
1774645617135 71.70000457763672 0
1774645810312 72.9000015258789 0
1774646003650 73.30000305175781 0
1774646199006 73.30000305175781 0
1774646398078 74.4000015258789 0
1774646591436 74.70000457763672 0
1774646784188 74.70000457763672 0
1774646976930 74.70000457763672 0
1774647174169 74.70000457763672 0
1774647372721 74.70000457763672 0
1774647564974 74.70000457763672 0
1774647758044 74.70000457763672 0
1774647951194 74.70000457763672 0
1774648148241 74.70000457763672 0
1774648346130 74.70000457763672 0
1774648539574 74.70000457763672 0
1774648733107 74.70000457763672 0
1774648925168 74.70000457763672 0
1774649123987 74.70000457763672 0
1774649321250 75.0 0
1774649514563 75.0 0
1774649707698 75.0 0
1774649900548 75.0 0
1774650098914 75.0 0
1774650293799 75.0 0
1774650486552 75.0 0
1774650679191 75.0 0
1774650872103 75.0 0
1774651071150 75.0 0
1774651266229 75.0 0
1774651458706 75.0 0
1774651650891 75.0 0
1774651844590 75.0 0
1774652044385 75.0 0
1774652238094 75.0 0
1774652429603 75.0 0
1774652622370 75.0 0
1774652817079 75.0 0
1774653015695 75.0 0
1774653209406 75.0 0
1774653402107 75.0 0
1774653594773 75.0 0
1774653789455 75.0 0
1774653989169 75.0 0
1774654182184 75.0 0
1774654374586 75.0 0
1774654567615 75.0 0
1774654764272 75.0 0
1774654963142 75.0 0
1774655154947 75.0 0
1774655347957 75.0 0
1774655540937 75.0 0
1774655736785 75.0 0
1774655934826 75.0 0
1774656127601 75.0 0
1774656320507 75.0 0
1774656512193 75.0 0
1774656709985 75.0 0
1774656906989 75.0 0
1774657099229 75.0 0
1774657291413 75.0 0
1774657484404 75.0 0
1774657683056 75.0 0
1774657877874 75.0 0
1774658070892 75.0 0
1774658263817 75.0 0
1774658456611 75.0 0
1774658655893 75.0 0
1774658851394 75.0 0
1774659044247 75.0 0
1774659235879 75.0 0
1774659429885 75.0 0
1774659629667 75.0 0
1774659824000 75.0 0
1774660016419 75.0 0
1774660210489 75.0 0
1774660405637 75.0 0
1774660604720 75.0 0
1774660798615 75.0 0
1774660991738 75.0 0
1774661185450 75.0 0
1774661379904 75.0 0
1774661579893 75.0 0
1774661774082 75.0 0
1774661966539 75.0 0
1774662159857 75.0 0
1774662355963 75.0 0
1774662556147 75.0 0
1774662748366 75.0 0
1774662941597 75.0 0
1774663134899 75.0 0
1774663330960 75.0 0
1774663529610 75.0 0
1774663734586 75.0 0
1774663993792 75.0 0
1774664252336 75.0 0
1774664516079 75.0 0
1774664777268 75.0 0
1774665036666 75.0 0
1774665295833 75.0 0
1774665554972 75.0 0
1774665818161 75.0 0
1774666080017 75.0 0
1774666339715 75.0 0
1774666597599 75.0 0
1774666856529 75.0 0
1774667122586 75.0 0
1774667365932 75.0 0
1774667558844 75.0 0
1774667751466 75.0 0
1774667946485 75.0 0
1774668146878 75.0 0
1774668341337 75.0 0
1774668533710 75.0 0
1774668726837 75.0 0
1774668922308 75.0 0
1774669121431 75.0 0
1774669315865 75.0 0
1774669509082 75.0 0
1774669702845 75.0 0
1774669897573 75.0 0
1774670097715 75.0 0
1774670291594 75.0 0
1774670484465 75.0 0
1774670677865 75.0 0
1774670874055 75.0 0
1774671030942 75.0 0
1774671158693 75.0 0
1774671285832 75.0 0
1774671413219 75.0 0
1774671542859 75.0 0
1774671676985 75.0 0
1774671806253 75.0 0
1774671933349 75.0 0
1774672060559 75.0 0
1774672188603 75.0 0
1774672323294 75.0 0
1774672453999 75.0 0
1774672580977 75.0 0
1774672707919 75.0 0
1774672836034 75.0 0
1774672969605 75.0 0
1774673101333 75.0 0
1774673228584 75.0 0
1774673355980 75.0 0
1774673483872 75.0 0
1774673616389 75.0 0
1774673750256 75.0 0
1774673877823 75.0 0
1774674005869 75.0 0
1774674133806 75.0 0
1774674265214 75.0 0
1774674399713 75.0 0
1774674528752 75.0 0
1774674656658 75.0 0
1774674783957 75.0 0
1774674913866 75.0 0
1774675048822 75.0 0
1774675179230 75.0 0
1774675306906 75.0 0
1774675434874 75.0 0
1774675563624 75.0 0
1774675697614 75.0 0
1774675829554 75.0 0
1774675957228 75.0 0
1774676084757 75.0 0
1774676212689 75.0 0
1774676345854 75.0 0
1774676479182 75.0 0
1774676606906 75.0 0
1774676734487 75.0 0
1774676861984 75.0 0
1774676993803 75.0 0
1774677127847 75.0 0
1774677255486 75.0 0
1774677383138 75.0 0
1774677510563 75.0 0
1774677641861 75.0 0
