1774641311154 6.462573577033149 1
1774641511798 6.005246651119656 2
1774641705961 5.8358242925008135 3
1774641899172 5.642987672170003 4
1774642091898 5.443709620581733 5
1774642288282 5.018654077953762 6
1774642488158 4.932629120720757 7
1774642680221 4.664562725279066 8
1774642873898 4.341918648613824 9
1774643067206 4.239840807596843 10
1774643264277 3.247558247672187 11
1774643463049 3.022453625573052 12
1774643656797 2.9570202617645265 13
1774643850237 2.6234738466474745 14
1774644042713 2.45705571492513 15
1774644239599 2.2589689038594565 16
1774644438804 2.109797603554196 17
1774644632827 1.3051449455685085 18
1774644825760 1.165185469839308 19
1774645019217 0.9556030997170343 20
1774645216324 0.8459007371134228 21
1774645414394 0.7602031600210402 22
1774645607577 0.5818882371203767 23
1774645800745 0.34887702393026687 24
1774645994463 0.31560895673849476 25
1774646190744 0.21767742879552923 26
1774646388469 0.23437620770459136 27
1774646581881 0.18205372180097906 28
1774646774644 0.13892182210908058 29
1774646967370 0.09221547811415504 30
1774647165811 0.07803566643815447 31
1774647363190 0.06730104551848629 32
1774647555433 0.055085242904343835 33
1774647748520 0.060796857159583696 34
1774647941660 0.04136858414378418 35
1774648140220 0.03023313857355408 36
1774648336610 0.03341634592344498 37
1774648529950 0.02335231480555779 38
1774648723525 0.016524720256230443 39
1774648915562 0.020646003303805244 40
1774649115402 0.028578203200803513 41
1774649311714 0.014872068956900995 42
1774649505525 0.006058624475056339 43
1774649698135 0.010397283972906565 44
1774649890986 0.01288097244540948 45
1774650090324 0.015771583565852024 46
1774650284239 0.009863591993322696 47
1774650476930 0.014126103658367365 48
1774650669676 0.00769494966196427 49
1774650863986 0.011248343560152004 50
1774651062613 0.007324066466104172 51
1774651256679 0.007565058016482226 52
1774651449195 0.011545884226808046 53
1774651641348 0.004731638141613192 54
1774651836035 0.01010371039601927 55
1774652035751 0.004987645399149187 56
1774652228504 0.005244760601774221 57
1774652420183 0.004445907887147115 58
1774652612834 0.00911584386878924 59
1774652808620 0.003911818101330755 60
1774653007069 0.0054126053223241865 61
1774653199940 0.0063949960965837644 62
1774653392561 0.0034365854314542294 63
1774653585223 0.005367085471558581 64
1774653780960 0.007672283826703487 65
1774653979550 0.0034461735817391194 66
1774654172583 0.004040056472275846 67
1774654365549 0.0031041541117905742 68
1774654558111 0.007412565408851552 69
1774654756003 0.00651340910273434 70
1774654953537 0.0047633293871111645 71
1774655145380 0.004638592975936336 72
1774655338398 0.004186386121302707 73
1774655531430 0.005833127774565293 74
1774655729466 0.008838268043482334 75
1774655925252 0.006966032108744317 76
1774656118054 0.004583506980832376 77
1774656310974 0.00339226665016725 78
1774656502672 0.00568014638465096 79
1774656701500 0.0027952456536466013 80
1774656897435 0.004535071518365351 81
1774657090116 0.006438671759348709 82
1774657281815 0.005721307591330022 83
1774657474921 0.003065366650379261 84
1774657674521 0.006100816457343253 85
1774657868341 0.005221283032498033 86
1774658061348 0.0020473246077383103 87
1774658254211 0.005245507226801635 88
1774658448362 0.006388823672925117 89
1774658647357 0.010190852450151876 90
1774658841850 0.0032913720559703064 91
1774659034681 0.0028501253812485104 92
1774659226358 0.006677171677317333 93
1774659421397 0.005451335382672337 94
1774659621111 0.0025325381468834637 95
1774659814461 0.0028505088930584747 96
1774660006899 0.007032192678503579 97
1774660200897 0.005882041013685251 98
1774660397146 0.004001764124814182 99
1774660596360 0.004010721737455401 100
1774660789079 0.0061172798101538466 101
1774660982209 0.002256639509907594 102
1774661175894 0.00400556715708773 103
1774661371388 0.0028601522159057754 104
1774661570881 0.0052031411524180214 105
1774661764525 0.006105196976886021 106
1774661957499 0.0038838119413638237 107
1774662150323 0.00764338919888407 108
1774662347470 0.0038503987275197798 109
1774662546555 0.006722565191289485 110
1774662738793 0.0038080793250162073 111
1774662932021 0.0051947279027814925 112
1774663125390 0.0055660311434121085 113
1774663323291 0.007376947399010928 114
1774663520070 0.005508573780116784 115
1774663722309 0.0057980833904240055 116
1774663981511 0.009981975118190154 117
1774664240045 0.005674256531562284 118
1774664504789 0.003930112331046735 119
1774664764975 0.004984325403367033 120
1774665024416 0.005469078095195159 121
1774665283565 0.003575769237106742 122
1774665542881 0.007892827151825824 123
1774665806868 0.00736712384967622 124
1774666067688 0.0031977350570711626 125
1774666327460 0.003034908084854392 126
1774666585500 0.0036604267433986695 127
1774666845373 0.004178831555488067 128
1774667111217 0.004637605683303068 129
1774667356343 0.004070168201967485 130
1774667549238 0.005818658962263608 131
1774667741920 0.00498341591009069 132
1774667937991 0.006938738855953849 133
1774668138353 0.005639824265057157 134
1774668331799 0.0032086815370661317 135
1774668524197 0.004313164502950183 136
1774668717354 0.006050182941167618 137
1774668913796 0.007075094321354243 138
1774669112918 0.006109894295981886 139
1774669306315 0.004497936345876353 140
1774669499567 0.0055106138296731975 141
1774669693294 0.004191678095497338 142
1774669889184 0.005605135755665612 143
1774670088185 0.0023564747925184965 144
1774670282039 0.004900539987069677 145
1774670475485 0.004505777307747744 146
1774670668342 0.0037811633761477624 147
1774670865614 0.00571013141807759 148
1774671024216 0.003937715514691838 149
1774671151925 0.006135183763975055 150
1774671279099 0.005304480142491947 151
1774671406511 0.0022781494238494284 152
1774671537152 0.005207357920855372 153
1774671671686 0.0019745229269747607 154
1774671799556 0.00470775339753698 155
1774671926598 0.007812768908125002 156
1774672053848 0.005593774609873401 157
1774672183193 0.003088775287888226 158
1774672317535 0.0064782092470211826 159
1774672447180 0.004469760323352627 160
1774672574200 0.005124025914657263 161
1774672701184 0.009416433658707247 162
1774672829507 0.009506202668706677 163
1774672963862 0.005839275117008487 164
1774673094560 0.009283974977776593 165
1774673221891 0.004826907804235896 166
1774673349216 0.008101454600480801 167
1774673477149 0.002584791885494343 168
1774673611064 0.0027798956044945565 169
1774673743516 0.0013927511455509886 170
1774673871012 0.003750380088354448 171
1774673999112 0.003380899561150558 172
1774674126987 0.004917455348563288 173
1774674259501 0.005932769756974926 174
1774674393789 0.005881517595385975 175
1774674521982 0.010251941772068339 176
1774674649886 0.006323643996418134 177
1774674777241 0.0071505502280466956 178
1774674908140 0.003945072078580082 179
1774675043065 0.004846303416482559 180
1774675172492 0.00469621571078814 181
1774675300255 0.0016894566830402925 182
1774675428122 0.005463253712648321 183
1774675557211 0.004360293669020646 184
1774675691845 0.007593389835162712 185
1774675822829 0.0029861402914138813 186
1774675950434 0.0038992029557360338 187
1774676078044 0.0026174087475067634 188
1774676205884 0.0015579033899966145 189
1774676340093 0.0031831171773872304 190
1774676472327 0.009189196373915047 191
1774676600164 0.0053717419138736 192
1774676727801 0.006546635396327879 193
1774676855402 0.004567246817179209 194
1774676988621 0.004632378968007795 195
1774677121145 0.010822746219965151 196
1774677248774 0.004385016969347608 197
1774677376281 0.0057372618814736775 198
1774677503877 0.004286077856210501 199
1774677636130 0.008878499325500106 200
