1774641319810 0.001 1
1774641520467 0.001 2
1774641715807 0.001 3
1774641908303 0.001 4
1774642101434 0.001 5
1774642296993 0.001 6
1774642496992 0.001 7
1774642689913 0.001 8
1774642883493 0.001 9
1774643077210 0.0005 10
1774643272126 0.0005 11
1774643472222 0.0005 12
1774643666568 0.0005 13
1774643859988 0.0005 14
1774644052368 0.0005 15
1774644248244 0.0005 16
1774644448715 0.00025 17
1774644642109 0.00025 18
1774644835334 0.00025 19
1774645028809 0.00025 20
1774645225066 0.00025 21
1774645423945 0.00025 22
1774645617137 0.000125 23
1774645810460 0.000125 24
1774646003855 0.000125 25
1774646199007 0.000125 26
1774646398228 0.000125 27
1774646591700 0.000125 28
1774646784189 6.25e-05 29
1774646976931 6.25e-05 30
1774647174170 6.25e-05 31
1774647372722 6.25e-05 32
1774647564975 6.25e-05 33
1774647758045 6.25e-05 34
1774647951195 3.125e-05 35
1774648148242 3.125e-05 36
1774648346131 3.125e-05 37
1774648539575 3.125e-05 38
1774648733109 3.125e-05 39
1774648925169 3.125e-05 40
1774649123989 1.5625e-05 41
1774649321500 1.5625e-05 42
1774649514565 1.5625e-05 43
1774649707699 1.5625e-05 44
1774649900549 1.5625e-05 45
1774650098915 1.5625e-05 46
1774650293801 7.8125e-06 47
1774650486554 7.8125e-06 48
1774650679192 7.8125e-06 49
1774650872105 7.8125e-06 50
1774651071151 7.8125e-06 51
1774651266230 7.8125e-06 52
1774651458707 3.90625e-06 53
1774651650892 3.90625e-06 54
1774651844591 3.90625e-06 55
1774652044386 3.90625e-06 56
1774652238096 3.90625e-06 57
1774652429604 3.90625e-06 58
1774652622371 1.953125e-06 59
1774652817081 1.953125e-06 60
1774653015696 1.953125e-06 61
1774653209408 1.953125e-06 62
1774653402109 1.953125e-06 63
1774653594774 1.953125e-06 64
1774653789456 9.765625e-07 65
1774653989170 9.765625e-07 66
1774654182185 9.765625e-07 67
1774654374587 9.765625e-07 68
1774654567616 9.765625e-07 69
1774654764274 9.765625e-07 70
1774654963144 4.8828125e-07 71
1774655154948 4.8828125e-07 72
1774655347959 4.8828125e-07 73
1774655540938 4.8828125e-07 74
1774655736787 4.8828125e-07 75
1774655934828 4.8828125e-07 76
1774656127602 2.44140625e-07 77
1774656320508 2.44140625e-07 78
1774656512194 2.44140625e-07 79
1774656709987 2.44140625e-07 80
1774656906991 2.44140625e-07 81
1774657099231 2.44140625e-07 82
1774657291415 1.220703125e-07 83
1774657484406 1.220703125e-07 84
1774657683057 1.220703125e-07 85
1774657877876 1.220703125e-07 86
1774658070894 1.220703125e-07 87
1774658263818 1.220703125e-07 88
1774658456612 6.103515625e-08 89
1774658655894 6.103515625e-08 90
1774658851395 6.103515625e-08 91
1774659044249 6.103515625e-08 92
1774659235880 6.103515625e-08 93
1774659429887 6.103515625e-08 94
1774659629668 3.0517578125e-08 95
1774659824003 3.0517578125e-08 96
1774660016420 3.0517578125e-08 97
1774660210490 3.0517578125e-08 98
1774660405638 3.0517578125e-08 99
1774660604721 3.0517578125e-08 100
1774660798616 1.52587890625e-08 101
1774660991739 1.52587890625e-08 102
1774661185451 1.52587890625e-08 103
1774661379905 1.52587890625e-08 104
1774661579894 1.52587890625e-08 105
1774661774083 1.52587890625e-08 106
1774661966541 1.52587890625e-08 107
1774662159858 1.52587890625e-08 108
1774662355964 1.52587890625e-08 109
1774662556148 1.52587890625e-08 110
1774662748367 1.52587890625e-08 111
1774662941598 1.52587890625e-08 112
1774663134901 1.52587890625e-08 113
1774663330961 1.52587890625e-08 114
1774663529612 1.52587890625e-08 115
1774663734587 1.52587890625e-08 116
1774663993794 1.52587890625e-08 117
1774664252337 1.52587890625e-08 118
1774664516081 1.52587890625e-08 119
1774664777269 1.52587890625e-08 120
1774665036667 1.52587890625e-08 121
1774665295834 1.52587890625e-08 122
1774665554973 1.52587890625e-08 123
1774665818163 1.52587890625e-08 124
1774666080019 1.52587890625e-08 125
1774666339716 1.52587890625e-08 126
1774666597601 1.52587890625e-08 127
1774666856530 1.52587890625e-08 128
1774667122588 1.52587890625e-08 129
1774667365934 1.52587890625e-08 130
1774667558845 1.52587890625e-08 131
1774667751468 1.52587890625e-08 132
1774667946486 1.52587890625e-08 133
1774668146880 1.52587890625e-08 134
1774668341338 1.52587890625e-08 135
1774668533712 1.52587890625e-08 136
1774668726838 1.52587890625e-08 137
1774668922309 1.52587890625e-08 138
1774669121432 1.52587890625e-08 139
1774669315866 1.52587890625e-08 140
1774669509096 1.52587890625e-08 141
1774669702848 1.52587890625e-08 142
1774669897575 1.52587890625e-08 143
1774670097716 1.52587890625e-08 144
1774670291595 1.52587890625e-08 145
1774670484466 1.52587890625e-08 146
1774670677866 1.52587890625e-08 147
1774670874056 1.52587890625e-08 148
1774671030944 1.52587890625e-08 149
1774671158694 1.52587890625e-08 150
1774671285834 1.52587890625e-08 151
1774671413220 1.52587890625e-08 152
1774671542860 1.52587890625e-08 153
1774671676986 1.52587890625e-08 154
1774671806255 1.52587890625e-08 155
1774671933350 1.52587890625e-08 156
1774672060560 1.52587890625e-08 157
1774672188604 1.52587890625e-08 158
1774672323295 1.52587890625e-08 159
1774672454000 1.52587890625e-08 160
1774672580978 1.52587890625e-08 161
1774672707920 1.52587890625e-08 162
1774672836035 1.52587890625e-08 163
1774672969606 1.52587890625e-08 164
1774673101334 1.52587890625e-08 165
1774673228585 1.52587890625e-08 166
1774673355981 1.52587890625e-08 167
1774673483873 1.52587890625e-08 168
1774673616391 1.52587890625e-08 169
1774673750258 1.52587890625e-08 170
1774673877826 1.52587890625e-08 171
1774674005871 1.52587890625e-08 172
1774674133808 1.52587890625e-08 173
1774674265216 1.52587890625e-08 174
1774674399715 1.52587890625e-08 175
1774674528753 1.52587890625e-08 176
1774674656660 1.52587890625e-08 177
1774674783958 1.52587890625e-08 178
1774674913867 1.52587890625e-08 179
1774675048824 1.52587890625e-08 180
1774675179231 1.52587890625e-08 181
1774675306907 1.52587890625e-08 182
1774675434875 1.52587890625e-08 183
1774675563625 1.52587890625e-08 184
1774675697615 1.52587890625e-08 185
1774675829555 1.52587890625e-08 186
1774675957230 1.52587890625e-08 187
1774676084759 1.52587890625e-08 188
1774676212692 1.52587890625e-08 189
1774676345856 1.52587890625e-08 190
1774676479184 1.52587890625e-08 191
1774676606908 1.52587890625e-08 192
1774676734488 1.52587890625e-08 193
1774676861986 1.52587890625e-08 194
1774676993804 1.52587890625e-08 195
1774677127849 1.52587890625e-08 196
1774677255488 1.52587890625e-08 197
1774677383139 1.52587890625e-08 198
1774677510565 1.52587890625e-08 199
1774677641862 1.52587890625e-08 200
