1774601617052 26.344444274902344 1
1774601683285 39.733333587646484 2
1774601749772 46.21111297607422 3
1774601816511 49.33333206176758 4
1774601882632 52.477779388427734 5
1774601948658 55.655555725097656 6
1774602015054 58.93333435058594 7
1774602114494 61.05555725097656 8
1774602248091 63.622222900390625 9
1774602381948 66.37777709960938 10
1774602531700 67.83333587646484 11
1774602732873 69.78888702392578 12
1774602934793 71.87777709960938 13
1774603136225 73.16666412353516 14
1774603337876 75.0888900756836 15
1774603539449 81.5111083984375 16
1774603741185 84.46666717529297 17
1774603942665 85.73333740234375 18
1774604144082 87.06666564941406 19
1774604345753 87.9888916015625 20
1774604547257 89.13333129882812 21
1774604741788 93.54444885253906 22
1774604942470 95.16666412353516 23
1774605139368 95.46666717529297 24
1774605333470 96.17778015136719 25
1774605527388 97.04444885253906 26
1774605721879 97.46666717529297 27
1774605922633 98.63333129882812 28
1774606118775 99.21111297607422 29
1774606311994 99.25555419921875 30
1774606506172 99.46666717529297 31
1774606701465 99.36666870117188 32
1774606902128 99.51111602783203 33
1774607097597 99.75555419921875 34
1774607291773 99.80000305175781 35
1774607485628 99.74444580078125 36
1774607681182 99.75555419921875 37
1774607882215 99.80000305175781 38
1774608077593 99.87777709960938 39
1774608271556 99.84444427490234 40
1774608465529 99.95555877685547 41
1774608661524 99.95555877685547 42
1774608862456 99.87777709960938 43
1774609057577 99.93333435058594 44
1774609251602 99.93333435058594 45
1774609445414 99.93333435058594 46
1774609641761 99.94444274902344 47
1774609842458 99.92222595214844 48
1774610036898 99.92222595214844 49
1774610231092 99.95555877685547 50
1774610424826 99.94444274902344 51
1774610621734 99.96666717529297 52
1774610821912 99.95555877685547 53
1774611016510 99.96666717529297 54
1774611210552 99.95555877685547 55
1774611404270 99.94444274902344 56
1774611601282 99.9888916015625 57
1774611801118 99.94444274902344 58
1774611995128 99.9888916015625 59
1774612188032 99.97777557373047 60
1774612381817 99.97777557373047 61
1774612580035 99.94444274902344 62
1774612779105 99.9888916015625 63
1774612972977 99.95555877685547 64
1774613166812 99.9888916015625 65
1774613360532 99.95555877685547 66
1774613559201 99.97777557373047 67
1774613757637 99.93333435058594 68
1774613951649 99.95555877685547 69
1774614145619 99.96666717529297 70
1774614339453 99.97777557373047 71
1774614538601 99.97777557373047 72
1774614736580 99.97777557373047 73
1774614930652 99.97777557373047 74
1774615124507 99.94444274902344 75
1774615318341 99.96666717529297 76
1774615517890 99.95555877685547 77
1774615715607 99.94444274902344 78
1774615909367 99.97777557373047 79
1774616103324 99.96666717529297 80
1774616296549 99.96666717529297 81
1774616496661 99.9888916015625 82
1774616693646 99.97777557373047 83
1774616887816 99.96666717529297 84
1774617081735 99.96666717529297 85
1774617275565 99.97777557373047 86
1774617476251 100.0 87
1774617673246 99.9888916015625 88
1774617867578 99.9888916015625 89
1774618061668 99.97777557373047 90
1774618255931 99.9888916015625 91
1774618456970 99.95555877685547 92
1774618653443 99.94444274902344 93
1774618847734 99.96666717529297 94
1774619041600 99.96666717529297 95
1774619236249 99.95555877685547 96
1774619437012 99.97777557373047 97
1774619633277 99.97777557373047 98
1774619827561 99.96666717529297 99
1774620021497 99.94444274902344 100
1774620216576 99.96666717529297 101
1774620417454 99.95555877685547 102
1774620613230 99.9888916015625 103
1774620807620 99.9888916015625 104
1774621001252 99.97777557373047 105
1774621196609 99.9888916015625 106
1774621397351 99.97777557373047 107
1774621593104 99.9888916015625 108
1774621787070 99.94444274902344 109
1774621980879 99.97777557373047 110
1774622176257 99.9888916015625 111
1774622376943 99.9888916015625 112
1774622572100 100.0 113
1774622766135 99.97777557373047 114
1774622960119 99.9888916015625 115
1774623156061 99.9888916015625 116
1774623356998 99.96666717529297 117
1774623552068 99.96666717529297 118
1774623746327 99.97777557373047 119
1774623940238 99.9888916015625 120
1774624135539 99.96666717529297 121
1774624336294 99.96666717529297 122
1774624531112 99.96666717529297 123
1774624725113 99.96666717529297 124
1774624918972 99.9888916015625 125
1774625115376 99.9888916015625 126
1774625316095 99.97777557373047 127
1774625510435 99.97777557373047 128
1774625704488 99.97777557373047 129
1774625897615 99.9888916015625 130
1774626094366 100.0 131
1774626294642 99.95555877685547 132
1774626488672 99.96666717529297 133
1774626682730 99.95555877685547 134
1774626876375 99.9888916015625 135
1774627073530 99.96666717529297 136
1774627273450 99.96666717529297 137
1774627467549 99.95555877685547 138
1774627661316 100.0 139
1774627855111 99.9888916015625 140
1774628052422 99.96666717529297 141
1774628251851 99.95555877685547 142
1774628446159 99.9888916015625 143
1774628640088 99.97777557373047 144
1774628833989 99.9888916015625 145
1774629031813 99.94444274902344 146
1774629231184 99.95555877685547 147
1774629425388 99.97777557373047 148
1774629619434 99.96666717529297 149
1774629812765 99.9888916015625 150
1774630011201 99.97777557373047 151
1774630209857 99.9888916015625 152
1774630403896 99.9888916015625 153
1774630597895 99.97777557373047 154
1774630791650 99.9888916015625 155
1774630990459 99.97777557373047 156
1774631188800 99.95555877685547 157
1774631382635 99.97777557373047 158
1774631576609 99.96666717529297 159
1774631770479 99.97777557373047 160
1774631969488 99.96666717529297 161
1774632167569 99.97777557373047 162
1774632361547 99.97777557373047 163
1774632555460 100.0 164
1774632749365 99.94444274902344 165
1774632948789 99.97777557373047 166
1774633146392 99.96666717529297 167
1774633340384 99.9888916015625 168
1774633534128 99.95555877685547 169
1774633727705 100.0 170
1774633927627 99.9888916015625 171
1774634124410 99.9888916015625 172
1774634318126 99.95555877685547 173
1774634511853 99.9888916015625 174
1774634705727 99.92222595214844 175
1774634906323 99.9888916015625 176
1774635102458 99.97777557373047 177
1774635296574 99.97777557373047 178
1774635490476 99.96666717529297 179
1774635684731 99.9888916015625 180
1774635885147 99.97777557373047 181
1774636080934 99.97777557373047 182
1774636274431 99.96666717529297 183
1774636468140 99.9888916015625 184
1774636663283 99.9888916015625 185
1774636863676 99.95555877685547 186
1774637058950 99.96666717529297 187
1774637252723 99.96666717529297 188
1774637445842 99.96666717529297 189
1774637641385 99.96666717529297 190
1774637841982 99.97777557373047 191
1774638036733 99.9888916015625 192
1774638230736 99.96666717529297 193
1774638424430 99.96666717529297 194
1774638620337 99.97777557373047 195
1774638821066 99.96666717529297 196
1774639015112 99.96666717529297 197
1774639208740 99.97777557373047 198
1774639402376 99.96666717529297 199
1774639599011 99.9888916015625 200
