1774601621053 33.10000228881836 0
1774601687234 42.60000228881836 0
1774601754006 49.10000228881836 0
1774601820207 49.500003814697266 0
1774601886354 49.500003814697266 0
1774601952599 56.30000305175781 0
1774602019217 59.80000305175781 0
1774602121222 59.80000305175781 0
1774602254753 62.400001525878906 0
1774602388691 64.0 0
1774602541270 64.0 0
1774602742623 64.4000015258789 0
1774602944382 64.4000015258789 0
1774603145819 65.5 0
1774603347440 65.60000610351562 0
1774603549097 70.10000610351562 0
1774603750745 70.10000610351562 0
1774603952231 70.10000610351562 0
1774604153815 70.10000610351562 0
1774604355317 70.10000610351562 0
1774604556888 70.70000457763672 0
1774604751334 72.80000305175781 0
1774604951101 73.60000610351562 0
1774605148835 74.0 0
1774605343066 74.0 0
1774605536939 74.0 0
1774605731163 74.0 0
1774605931261 74.0 0
1774606128509 74.0 0
1774606321572 74.30000305175781 0
1774606515802 74.30000305175781 0
1774606709837 74.5 0
1774606910711 74.5 0
1774607107147 74.80000305175781 0
1774607301338 74.80000305175781 0
1774607495253 74.80000305175781 0
1774607689620 74.80000305175781 0
1774607890836 75.60000610351562 0
1774608087232 75.60000610351562 0
1774608281247 75.60000610351562 0
1774608475020 75.60000610351562 0
1774608670061 75.60000610351562 0
1774608871112 75.60000610351562 0
1774609067120 75.60000610351562 0
1774609261220 75.60000610351562 0
1774609454971 75.60000610351562 0
1774609650327 75.60000610351562 0
1774609850917 75.60000610351562 0
1774610046534 75.60000610351562 0
1774610240695 75.60000610351562 0
1774610434530 75.60000610351562 0
1774610630273 75.60000610351562 0
1774610830685 75.60000610351562 0
1774611026171 75.60000610351562 0
1774611220082 75.60000610351562 0
1774611413829 75.60000610351562 0
1774611609707 75.60000610351562 0
1774611810281 75.60000610351562 0
1774612004677 75.60000610351562 0
1774612197727 75.60000610351562 0
1774612391357 75.60000610351562 0
1774612588570 75.60000610351562 0
1774612788699 75.60000610351562 0
1774612982581 75.60000610351562 0
1774613176436 75.60000610351562 0
1774613370090 75.60000610351562 0
1774613567566 75.60000610351562 0
1774613767207 75.60000610351562 0
1774613961383 75.60000610351562 0
1774614155170 75.60000610351562 0
1774614349024 75.60000610351562 0
1774614546834 75.60000610351562 0
1774614746140 75.60000610351562 0
1774614940268 75.60000610351562 0
1774615134175 75.60000610351562 0
1774615327974 75.60000610351562 0
1774615526447 75.60000610351562 0
1774615725166 75.60000610351562 0
1774615918950 75.60000610351562 0
1774616112885 75.60000610351562 0
1774616306122 75.60000610351562 0
1774616505214 75.60000610351562 0
1774616703225 75.60000610351562 0
1774616897519 75.60000610351562 0
1774617091457 75.60000610351562 0
1774617285252 75.60000610351562 0
1774617484892 75.60000610351562 0
1774617682876 75.60000610351562 0
1774617877140 75.60000610351562 0
1774618071207 75.60000610351562 0
1774618265618 75.60000610351562 0
1774618465534 75.60000610351562 0
1774618663021 75.60000610351562 0
1774618857409 75.60000610351562 0
1774619051163 75.60000610351562 0
1774619245247 75.60000610351562 0
1774619445643 75.60000610351562 0
1774619642906 75.60000610351562 0
1774619837160 75.60000610351562 0
1774620031024 75.60000610351562 0
1774620225431 75.60000610351562 0
1774620425999 75.60000610351562 0
1774620622843 75.60000610351562 0
1774620817191 75.60000610351562 0
1774621010876 75.60000610351562 0
1774621205169 75.60000610351562 0
1774621405988 75.60000610351562 0
1774621602691 75.60000610351562 0
1774621796662 75.60000610351562 0
1774621990416 75.60000610351562 0
1774622184581 75.60000610351562 0
1774622385550 75.60000610351562 0
1774622581646 75.60000610351562 0
1774622775690 75.60000610351562 0
1774622969708 75.60000610351562 0
1774623164710 75.60000610351562 0
1774623365564 75.60000610351562 0
1774623561896 75.60000610351562 0
1774623755837 75.60000610351562 0
1774623949802 75.60000610351562 0
1774624144067 75.60000610351562 0
1774624344865 75.60000610351562 0
1774624540697 75.60000610351562 0
1774624734709 75.60000610351562 0
1774624928540 75.60000610351562 0
1774625123929 75.60000610351562 0
1774625324543 75.60000610351562 0
1774625520038 75.60000610351562 0
1774625714111 75.60000610351562 0
1774625907237 75.60000610351562 0
1774626102919 75.60000610351562 0
1774626303402 75.60000610351562 0
1774626498275 75.60000610351562 0
1774626692284 75.60000610351562 0
1774626885968 75.60000610351562 0
1774627082104 75.60000610351562 0
1774627282618 75.60000610351562 0
1774627477096 75.60000610351562 0
1774627670947 75.60000610351562 0
1774627864666 75.60000610351562 0
1774628060944 75.60000610351562 0
1774628261412 75.60000610351562 0
1774628455726 75.60000610351562 0
1774628649635 75.60000610351562 0
1774628843574 75.60000610351562 0
1774629040479 75.60000610351562 0
1774629240881 75.60000610351562 0
1774629434990 75.60000610351562 0
1774629629047 75.60000610351562 0
1774629822347 75.60000610351562 0
1774630019438 75.60000610351562 0
1774630219396 75.60000610351562 0
1774630413498 75.60000610351562 0
1774630607616 75.60000610351562 0
1774630801272 75.60000610351562 0
1774630998883 75.60000610351562 0
1774631198354 75.60000610351562 0
1774631392196 75.60000610351562 0
1774631586174 75.60000610351562 0
1774631780047 75.60000610351562 0
1774631977818 75.60000610351562 0
1774632177185 75.60000610351562 0
1774632371121 75.60000610351562 0
1774632565094 75.60000610351562 0
1774632759015 75.60000610351562 0
1774632957368 75.60000610351562 0
1774633156002 75.60000610351562 0
1774633349975 75.60000610351562 0
1774633543694 75.60000610351562 0
1774633737192 75.60000610351562 0
1774633936172 75.60000610351562 0
1774634133952 75.60000610351562 0
1774634327719 75.60000610351562 0
1774634521409 75.60000610351562 0
1774634715355 75.60000610351562 0
1774634914873 75.60000610351562 0
1774635112067 75.60000610351562 0
1774635306102 75.60000610351562 0
1774635500034 75.60000610351562 0
1774635693570 75.60000610351562 0
1774635893704 75.60000610351562 0
1774636090550 75.60000610351562 0
1774636283999 75.60000610351562 0
1774636477742 75.60000610351562 0
1774636671711 75.60000610351562 0
1774636872248 75.60000610351562 0
1774637068567 75.60000610351562 0
1774637262267 75.60000610351562 0
1774637455410 75.60000610351562 0
1774637649982 75.60000610351562 0
1774637850610 75.60000610351562 0
1774638046271 75.60000610351562 0
1774638240388 75.60000610351562 0
1774638434008 75.60000610351562 0
1774638628940 75.60000610351562 0
1774638829446 75.60000610351562 0
1774639024688 75.60000610351562 0
1774639218351 75.60000610351562 0
1774639411992 75.60000610351562 0
1774639607635 75.60000610351562 0
