1774601617054 6.201082565307617 1
1774601683289 6.021416035122342 2
1774601749775 5.847413166469998 3
1774601816514 5.638708727094862 4
1774601882634 5.462678354051378 5
1774601948660 5.0349713601006405 6
1774602015057 4.7545587026808 7
1774602114497 4.674711337619358 8
1774602248093 4.383596356074015 9
1774602381950 4.032600773069594 10
1774602531703 3.9112994651794435 11
1774602732875 3.7270534975263807 12
1774602934795 3.334509211646186 13
1774603136228 3.165885191175673 14
1774603337879 3.0029286090003118 15
1774603539452 2.0351420945061576 16
1774603741187 1.73860157722897 17
1774603942667 1.5082569264305963 18
1774604144085 1.4121679488288033 19
1774604345756 1.3200374584197998 20
1774604547260 1.0995047693252564 21
1774604741791 0.5564086947167913 22
1774604942473 0.42886474215818776 23
1774605139370 0.3883592181550525 24
1774605333473 0.3298970142528746 25
1774605527391 0.2588429999890656 26
1774605721881 0.20484345659569944 27
1774605922636 0.09576219522171654 28
1774606118778 0.051240398086254045 29
1774606311998 0.05289685202698221 30
1774606506175 0.033055442310016295 31
1774606701468 0.039527982333610885 32
1774606902130 0.03650853225783289 33
1774607097599 0.023569209108622164 34
1774607291776 0.012312504408830726 35
1774607485631 0.013788820077987252 36
1774607681185 0.016721282138213125 37
1774607882217 0.01450777381236353 38
1774608077595 0.009618214670032302 39
1774608271557 0.00950536076212803 40
1774608465532 0.0034806515758772725 41
1774608661526 0.003040888105794332 42
1774608862459 0.012088921766778974 43
1774609057578 0.0030036916387099688 44
1774609251605 0.00291124840982535 45
1774609445417 0.004281034016267822 46
1774609641764 0.0019970785472494747 47
1774609842461 0.0038240210198124754 48
1774610036900 0.0032290928151941936 49
1774610231095 0.002212850716901528 50
1774610424830 0.001850632457667907 51
1774610621737 0.004288034933831139 52
1774610821915 0.002633508027348166 53
1774611016512 0.0030069980092678828 54
1774611210554 0.002699967931511257 55
1774611404273 0.003892901271984394 56
1774611601284 0.0011341927852526262 57
1774611801121 0.005471199714600584 58
1774611995131 0.0004845236099055248 59
1774612188035 0.0017168858008259759 60
1774612381819 0.0003133666222158682 61
1774612580036 0.0018281638357336484 62
1774612779106 0.00045514648319343743 63
1774612972981 0.0019480152381007292 64
1774613166814 0.000186028509309271 65
1774613360533 0.0029575586351056147 66
1774613559204 0.000496640382926795 67
1774613757640 0.005522429970511363 68
1774613951652 0.0015238437471858392 69
1774614145622 0.0026731654674854253 70
1774614339456 0.0015135779110551969 71
1774614538604 0.0021229562086725346 72
1774614736582 0.0010992105693351459 73
1774614930655 0.0007087171135665184 74
1774615124510 0.0031437499134667757 75
1774615318343 0.0031919545403091736 76
1774615517893 0.0031303988011343463 77
1774615715609 0.002347630936519743 78
1774615909370 0.0006271160186773714 79
1774616103326 0.001569065585984409 80
1774616296551 0.0007252193172192634 81
1774616496664 0.00019272056071687713 82
1774616693649 0.000867521828104405 83
1774616887819 0.001857601252455749 84
1774617081738 0.0015223165452771686 85
1774617275567 0.0004866982078498141 86
1774617476254 5.915318207783255e-05 87
1774617673249 0.0004847208679715283 88
1774617867581 0.0007623727341829401 89
1774618061671 0.00026842665621075354 90
1774618255934 0.0003386936059069296 91
1774618456974 0.0012891560020765556 92
1774618653446 0.002605200352624036 93
1774618847737 0.0007526250328978431 94
1774619041603 0.0021921269358348813 95
1774619236252 0.002117123584970591 96
1774619437015 0.0004375089378426043 97
1774619633280 0.0005906711395893452 98
1774619827563 0.002054538328418698 99
1774620021500 0.0036430577547725135 100
1774620216579 0.001782139840666272 101
1774620417456 0.0036601178348021394 102
1774620613232 0.0004563438888393681 103
1774620807623 0.00026217929791173274 104
1774621001255 0.001881317949733916 105
1774621196612 0.00016296084833218 106
1774621397353 0.0004575825535233054 107
1774621593105 0.0015167001785408212 108
1774621787074 0.0007907606062020823 109
1774621980880 0.0017734833408747745 110
1774622176260 0.0004661211392288212 111
1774622376946 0.00023106078087461887 112
1774622572104 0.00011306004029421818 113
1774622766136 0.0009236187142951103 114
1774622960122 0.001677587612998598 115
1774623156064 0.0009246796892572833 116
1774623357002 0.0024296049386562466 117
1774623552070 0.001647300663223238 118
1774623746329 0.0029455605842575484 119
1774623940241 0.00014061913499503555 120
1774624135541 0.0017063465972720672 121
1774624336297 0.0017644730590974129 122
1774624531115 0.0014774966958262948 123
1774624725116 0.0006489619267498846 124
1774624918976 0.0001751695230049803 125
1774625115380 0.000306027707495673 126
1774625316097 0.000605046515533104 127
1774625510438 0.0005460238032143671 128
1774625704491 0.0015525818065596014 129
1774625897618 0.0006708525438898939 130
1774626094370 4.711496687790234e-05 131
1774626294645 0.0015852325010111492 132
1774626488674 0.0009177716548227697 133
1774626682733 0.0018022104566738225 134
1774626876377 0.0002778756534943562 135
1774627073533 0.0006443466984772175 136
1774627273453 0.0011983183856025485 137
1774627467552 0.0019550600528300587 138
1774627661318 0.00014942793953013478 139
1774627855114 0.0004588011430244592 140
1774628052425 0.0011438445982469843 141
1774628251853 0.0020382305689307404 142
1774628446161 0.00021620050219908174 143
1774628640089 0.0006032306732271648 144
1774628833992 0.00013700737307532524 145
1774629031816 0.0019341576000484358 146
1774629231188 0.0006437810311248353 147
1774629425389 0.00041181742668868854 148
1774629619438 0.0022464312793365557 149
1774629812768 0.00024069337396376907 150
1774630011203 0.0011605612235768956 151
1774630209860 0.0002678068600043109 152
1774630403899 0.0008199149877769819 153
1774630597898 0.0011678210954957251 154
1774630791653 0.0004257450043418637 155
1774630990462 0.0005246721382671496 156
1774631188803 0.0012595217212181724 157
1774631382636 0.0014011190718972374 158
1774631576612 0.0008155823088889468 159
1774631770482 0.0009545128933041119 160
1774631969492 0.0030607958563328382 161
1774632167572 0.001731225144942586 162
1774632361550 0.0006673971976413355 163
1774632555462 1.0873909379670957e-05 164
1774632749366 0.004346570189184159 165
1774632948791 0.0014485077992781958 166
1774633146395 0.002602477398823694 167
1774633340387 0.0010335988683006876 168
1774633534131 0.0013134772929793341 169
1774633727707 2.5517556119893924e-06 170
1774633927630 0.0017654047156573777 171
1774634124413 0.00027603799199513824 172
1774634318129 0.0010260741084608138 173
1774634511856 0.0007727268123671362 174
1774634705730 0.0021319879302248625 175
1774634906326 0.0012312877546950382 176
1774635102460 0.00042245159303106383 177
1774635296576 0.00142034374628282 178
1774635490478 0.0027966671003127655 179
1774635684734 0.0003407050368458984 180
1774635885151 0.00045534073125939596 181
1774636080937 0.0004051643135114702 182
1774636274433 0.0009311574886391227 183
1774636468142 0.0007956180491852334 184
1774636663286 0.00018576265901318974 185
1774636863679 0.0013562810076236391 186
1774637058952 0.0013779755301008075 187
1774637252726 0.001083981446478356 188
1774637445845 0.002528342274155995 189
1774637641388 0.0019429278029261345 190
1774637841985 0.0008861156564440486 191
1774638036735 0.0002505612762500881 192
1774638230739 0.0016291196219702503 193
1774638424432 0.00198025448950109 194
1774638620341 0.0007970836985359608 195
1774638821069 0.0029152042246839787 196
1774639015115 0.0015548974125559588 197
1774639208743 0.001249856087576131 198
1774639402380 0.001972200424449281 199
1774639599014 0.00029605467419195007 200
