1774601621191 0.001 1
1774601687503 0.001 2
1774601754257 0.001 3
1774601820391 0.001 4
1774601886356 0.001 5
1774601952779 0.001 6
1774602019442 0.001 7
1774602121223 0.001 8
1774602255006 0.001 9
1774602388864 0.001 10
1774602541271 0.001 11
1774602742864 0.001 12
1774602944383 0.001 13
1774603146052 0.001 14
1774603347683 0.0005 15
1774603549318 0.0005 16
1774603750748 0.0005 17
1774603952233 0.0005 18
1774604153816 0.0005 19
1774604355318 0.0005 20
1774604557125 0.00025 21
1774604751556 0.00025 22
1774604951262 0.00025 23
1774605149043 0.00025 24
1774605343069 0.00025 25
1774605536940 0.00025 26
1774605731165 0.000125 27
1774605931262 0.000125 28
1774606128511 0.000125 29
1774606321799 0.000125 30
1774606515803 0.000125 31
1774606710082 0.000125 32
1774606910712 6.25e-05 33
1774607107294 6.25e-05 34
1774607301340 6.25e-05 35
1774607495255 6.25e-05 36
1774607689621 6.25e-05 37
1774607890998 6.25e-05 38
1774608087233 3.125e-05 39
1774608281249 3.125e-05 40
1774608475021 3.125e-05 41
1774608670063 3.125e-05 42
1774608871114 3.125e-05 43
1774609067121 3.125e-05 44
1774609261221 1.5625e-05 45
1774609454973 1.5625e-05 46
1774609650328 1.5625e-05 47
1774609850919 1.5625e-05 48
1774610046535 1.5625e-05 49
1774610240697 1.5625e-05 50
1774610434532 7.8125e-06 51
1774610630274 7.8125e-06 52
1774610830687 7.8125e-06 53
1774611026172 7.8125e-06 54
1774611220083 7.8125e-06 55
1774611413831 7.8125e-06 56
1774611609709 3.90625e-06 57
1774611810282 3.90625e-06 58
1774612004678 3.90625e-06 59
1774612197729 3.90625e-06 60
1774612391358 3.90625e-06 61
1774612588571 3.90625e-06 62
1774612788700 1.953125e-06 63
1774612982583 1.953125e-06 64
1774613176437 1.953125e-06 65
1774613370092 1.953125e-06 66
1774613567567 1.953125e-06 67
1774613767208 1.953125e-06 68
1774613961385 9.765625e-07 69
1774614155172 9.765625e-07 70
1774614349026 9.765625e-07 71
1774614546835 9.765625e-07 72
1774614746141 9.765625e-07 73
1774614940270 9.765625e-07 74
1774615134177 4.8828125e-07 75
1774615327976 4.8828125e-07 76
1774615526448 4.8828125e-07 77
1774615725167 4.8828125e-07 78
1774615918951 4.8828125e-07 79
1774616112886 4.8828125e-07 80
1774616306123 2.44140625e-07 81
1774616505215 2.44140625e-07 82
1774616703226 2.44140625e-07 83
1774616897521 2.44140625e-07 84
1774617091459 2.44140625e-07 85
1774617285254 2.44140625e-07 86
1774617484893 1.220703125e-07 87
1774617682877 1.220703125e-07 88
1774617877142 1.220703125e-07 89
1774618071209 1.220703125e-07 90
1774618265619 1.220703125e-07 91
1774618465535 1.220703125e-07 92
1774618663023 6.103515625e-08 93
1774618857412 6.103515625e-08 94
1774619051164 6.103515625e-08 95
1774619245249 6.103515625e-08 96
1774619445644 6.103515625e-08 97
1774619642907 6.103515625e-08 98
1774619837162 3.0517578125e-08 99
1774620031025 3.0517578125e-08 100
1774620225432 3.0517578125e-08 101
1774620426001 3.0517578125e-08 102
1774620622844 3.0517578125e-08 103
1774620817193 3.0517578125e-08 104
1774621010877 1.52587890625e-08 105
1774621205170 1.52587890625e-08 106
1774621405989 1.52587890625e-08 107
1774621602692 1.52587890625e-08 108
1774621796664 1.52587890625e-08 109
1774621990418 1.52587890625e-08 110
1774622184582 1.52587890625e-08 111
1774622385551 1.52587890625e-08 112
1774622581647 1.52587890625e-08 113
1774622775691 1.52587890625e-08 114
1774622969709 1.52587890625e-08 115
1774623164712 1.52587890625e-08 116
1774623365565 1.52587890625e-08 117
1774623561898 1.52587890625e-08 118
1774623755840 1.52587890625e-08 119
1774623949803 1.52587890625e-08 120
1774624144068 1.52587890625e-08 121
1774624344866 1.52587890625e-08 122
1774624540699 1.52587890625e-08 123
1774624734711 1.52587890625e-08 124
1774624928542 1.52587890625e-08 125
1774625123931 1.52587890625e-08 126
1774625324544 1.52587890625e-08 127
1774625520039 1.52587890625e-08 128
1774625714112 1.52587890625e-08 129
1774625907239 1.52587890625e-08 130
1774626102921 1.52587890625e-08 131
1774626303403 1.52587890625e-08 132
1774626498276 1.52587890625e-08 133
1774626692285 1.52587890625e-08 134
1774626885970 1.52587890625e-08 135
1774627082106 1.52587890625e-08 136
1774627282620 1.52587890625e-08 137
1774627477098 1.52587890625e-08 138
1774627670948 1.52587890625e-08 139
1774627864667 1.52587890625e-08 140
1774628060946 1.52587890625e-08 141
1774628261414 1.52587890625e-08 142
1774628455728 1.52587890625e-08 143
1774628649636 1.52587890625e-08 144
1774628843576 1.52587890625e-08 145
1774629040481 1.52587890625e-08 146
1774629240883 1.52587890625e-08 147
1774629434991 1.52587890625e-08 148
1774629629048 1.52587890625e-08 149
1774629822349 1.52587890625e-08 150
1774630019439 1.52587890625e-08 151
1774630219399 1.52587890625e-08 152
1774630413500 1.52587890625e-08 153
1774630607618 1.52587890625e-08 154
1774630801274 1.52587890625e-08 155
1774630998884 1.52587890625e-08 156
1774631198355 1.52587890625e-08 157
1774631392197 1.52587890625e-08 158
1774631586176 1.52587890625e-08 159
1774631780048 1.52587890625e-08 160
1774631977820 1.52587890625e-08 161
1774632177187 1.52587890625e-08 162
1774632371123 1.52587890625e-08 163
1774632565096 1.52587890625e-08 164
1774632759016 1.52587890625e-08 165
1774632957369 1.52587890625e-08 166
1774633156004 1.52587890625e-08 167
1774633349977 1.52587890625e-08 168
1774633543695 1.52587890625e-08 169
1774633737194 1.52587890625e-08 170
1774633936173 1.52587890625e-08 171
1774634133953 1.52587890625e-08 172
1774634327720 1.52587890625e-08 173
1774634521410 1.52587890625e-08 174
1774634715356 1.52587890625e-08 175
1774634914874 1.52587890625e-08 176
1774635112068 1.52587890625e-08 177
1774635306103 1.52587890625e-08 178
1774635500037 1.52587890625e-08 179
1774635693572 1.52587890625e-08 180
1774635893705 1.52587890625e-08 181
1774636090552 1.52587890625e-08 182
1774636284000 1.52587890625e-08 183
1774636477744 1.52587890625e-08 184
1774636671712 1.52587890625e-08 185
1774636872250 1.52587890625e-08 186
1774637068569 1.52587890625e-08 187
1774637262269 1.52587890625e-08 188
1774637455412 1.52587890625e-08 189
1774637649983 1.52587890625e-08 190
1774637850611 1.52587890625e-08 191
1774638046273 1.52587890625e-08 192
1774638240390 1.52587890625e-08 193
1774638434009 1.52587890625e-08 194
1774638628941 1.52587890625e-08 195
1774638829447 1.52587890625e-08 196
1774639024690 1.52587890625e-08 197
1774639218353 1.52587890625e-08 198
1774639411993 1.52587890625e-08 199
1774639607636 1.52587890625e-08 200
