1774062352214 6.899999618530273 1
1774062685643 14.109999656677246 2
1774063020495 21.105998992919922 3
1774063352500 27.03999900817871 4
1774063687332 32.22999954223633 5
1774064019434 36.439998626708984 6
1774064354308 39.981998443603516 7
1774064686555 43.19599914550781 8
1774065021524 46.34000015258789 9
1774065355198 48.8859977722168 10
1774065689335 51.31399917602539 11
1774066135749 53.354000091552734 12
1774066580547 55.487998962402344 13
1774067026717 57.6099967956543 14
1774067472735 58.959999084472656 15
1774067921247 60.461997985839844 16
1774068367780 62.11399841308594 17
1774068812680 63.59000015258789 18
1774069258404 65.05599975585938 19
1774069702034 66.05400085449219 20
1774070150484 67.50199890136719 21
1774070595536 68.37999725341797 22
1774071041460 69.62799835205078 23
1774071486799 74.23799896240234 24
1774071931570 75.45199584960938 25
1774072376247 76.20199584960938 26
1774072820950 77.39399719238281 27
1774073267322 77.57799530029297 28
1774073710578 78.26599884033203 29
1774074157923 78.61399841308594 30
1774074602348 81.31199645996094 31
1774075047474 82.33599853515625 32
1774075492069 82.41400146484375 33
1774075937262 83.0260009765625 34
1774076382130 83.06800079345703 35
1774076826902 83.40599822998047 36
1774077272857 83.81599426269531 37
1774077716632 84.95800018310547 38
1774078163633 85.50199890136719 39
1774078608128 85.70800018310547 40
1774079053511 85.96399688720703 41
1774079498274 86.07799530029297 42
1774079942809 86.3479995727539 43
1774080387471 86.87199401855469 44
1774080829317 87.24800109863281 45
1774081275212 87.22599792480469 46
1774081718549 87.21399688720703 47
1774082165179 87.41999816894531 48
1774082609284 87.61000061035156 49
1774083053792 87.83999633789062 50
1774083498717 87.96599578857422 51
1774083942612 87.97799682617188 52
1774084386783 87.73999786376953 53
1774084830917 88.02399444580078 54
1774085277356 88.093994140625 55
1774085720770 88.32599639892578 56
1774086167323 88.4000015258789 57
1774086611751 88.18599700927734 58
1774087056358 88.38999938964844 59
1774087501117 88.31999969482422 60
1774087945484 88.5199966430664 61
1774088390429 88.60399627685547 62
1774088834808 88.65599822998047 63
1774089280902 88.53799438476562 64
1774089724702 88.43000030517578 65
1774090171256 88.65999603271484 66
1774090615964 88.51599884033203 67
1774091060243 88.58599853515625 68
1774091504945 88.58799743652344 69
1774091949229 88.68199920654297 70
1774092393579 88.68599700927734 71
1774092837520 88.70800018310547 72
1774093283436 88.64799499511719 73
1774093727150 88.6780014038086 74
1774094174080 88.84199523925781 75
1774094618665 88.63199615478516 76
1774095062868 88.85599517822266 77
1774095508075 88.76799774169922 78
1774095952837 88.53799438476562 79
1774096397221 88.76799774169922 80
1774096841442 88.76399993896484 81
1774097287846 88.49199676513672 82
1774097731308 88.65399932861328 83
1774098177639 88.71599578857422 84
1774098622146 88.6500015258789 85
1774099066774 88.73999786376953 86
1774099511466 88.73799896240234 87
1774099955659 88.70800018310547 88
1774100400332 88.78599548339844 89
1774100844320 88.947998046875 90
1774101290764 89.00999450683594 91
1774101733808 88.79999542236328 92
1774102179900 88.7179946899414 93
1774102623937 88.79399871826172 94
1774103068493 88.90399932861328 95
1774103513408 88.7239990234375 96
1774103958826 88.5260009765625 97
1774104403913 88.86399841308594 98
1774104848182 88.69400024414062 99
1774105295298 88.85199737548828 100
1774105739546 88.93599700927734 101
1774106185680 88.8219985961914 102
1774106630267 88.90999603271484 103
1774107074650 88.70600128173828 104
1774107518979 88.54000091552734 105
1774107963332 88.7699966430664 106
1774108407766 88.56599426269531 107
1774108851892 88.90599822998047 108
1774109298502 88.81999969482422 109
1774109741953 88.81599426269531 110
1774110188145 88.70199584960938 111
1774110632547 88.72999572753906 112
1774111076821 88.82599639892578 113
1774111521428 88.87999725341797 114
1774111965727 88.69200134277344 115
1774112409983 88.63199615478516 116
1774112854130 88.80199432373047 117
1774113300911 88.85199737548828 118
1774113744763 88.63399505615234 119
1774114190272 88.63399505615234 120
1774114635046 88.90599822998047 121
1774115079681 88.87799835205078 122
1774115524034 88.58200073242188 123
1774115968311 88.9219970703125 124
1774116413026 88.90399932861328 125
1774116857268 88.7959976196289 126
1774117304076 88.5479965209961 127
1774117747655 88.69200134277344 128
1774118194490 88.57799530029297 129
1774118639586 88.57599639892578 130
1774119084159 88.90399932861328 131
1774119528746 88.87199401855469 132
1774119973266 88.72200012207031 133
1774120418224 88.75799560546875 134
1774120861894 88.8759994506836 135
1774121308867 88.83799743652344 136
1774121752419 88.83799743652344 137
1774122198080 88.90399932861328 138
1774122642567 88.49199676513672 139
1774123087036 88.70800018310547 140
1774123532078 88.843994140625 141
1774123976874 88.82799530029297 142
1774124421896 88.37999725341797 143
1774124865965 88.69999694824219 144
1774125312948 88.89399719238281 145
1774125756409 88.71199798583984 146
1774126201852 88.7979965209961 147
1774126646127 89.02799987792969 148
1774127090088 88.61799621582031 149
1774127534415 88.82599639892578 150
1774127978664 88.85599517822266 151
1774128423352 88.6240005493164 152
1774128866765 88.78399658203125 153
1774129313467 88.7760009765625 154
1774129756349 88.55799865722656 155
1774130201621 88.88800048828125 156
1774130645819 88.66799926757812 157
1774131089971 88.68199920654297 158
1774131534239 88.6500015258789 159
1774131978181 88.78799438476562 160
1774132422980 88.8219985961914 161
1774132866124 88.78599548339844 162
1774133312847 88.8740005493164 163
1774133756287 88.6259994506836 164
1774134201654 88.85799407958984 165
1774134645991 88.60199737548828 166
1774135090249 88.7459945678711 167
1774135534687 88.8219985961914 168
1774135978725 88.70800018310547 169
1774136423742 88.74800109863281 170
1774136867114 88.52999877929688 171
1774137313872 88.69999694824219 172
1774137757193 88.76599884033203 173
1774138201685 88.79999542236328 174
1774138645859 88.76200103759766 175
1774139089977 88.66199493408203 176
1774139534311 88.65399932861328 177
1774139978540 88.81599426269531 178
1774140423807 88.82599639892578 179
1774140867030 88.75399780273438 180
1774141313938 88.7699966430664 181
1774141757473 88.78199768066406 182
1774142202058 88.7979965209961 183
1774142646370 88.76599884033203 184
1774143090693 88.73999786376953 185
1774143535148 88.91400146484375 186
1774143979458 88.64399719238281 187
1774144424798 88.80400085449219 188
1774144867720 88.63599395751953 189
1774145314456 88.81399536132812 190
1774145757949 88.76200103759766 191
1774146202865 88.69999694824219 192
1774146646972 88.697998046875 193
1774147091118 88.98199462890625 194
1774147535398 88.86599731445312 195
1774147979242 88.62199401855469 196
1774148424624 88.83599853515625 197
1774148867395 88.69400024414062 198
1774149314125 88.81399536132812 199
1774149757560 88.73799896240234 200
