1774062378601 11.130000114440918 0
1774062712652 19.69999885559082 0
1774063047491 25.25 0
1774063379503 30.81999969482422 0
1774063714394 35.46999740600586 0
1774064046437 40.939998626708984 0
1774064381295 43.97999954223633 0
1774064713578 47.05999755859375 0
1774065048517 48.04999923706055 0
1774065381461 51.119998931884766 0
1774065724961 51.79999923706055 0
1774066172440 53.619998931884766 0
1774066616675 54.84000015258789 0
1774067063517 55.88999938964844 0
1774067509677 57.369998931884766 0
1774067958392 58.68000030517578 0
1774068404414 60.029998779296875 0
1774068849315 60.029998779296875 0
1774069294287 61.019996643066406 0
1774069738818 61.019996643066406 0
1774070187157 61.69999694824219 0
1774070631549 62.72999954223633 0
1774071078066 63.16999816894531 0
1774071523457 65.13999938964844 0
1774071968132 65.40999603271484 0
1774072412949 65.44999694824219 0
1774072857604 66.05999755859375 0
1774073303306 66.05999755859375 0
1774073747179 66.05999755859375 0
1774074194569 66.05999755859375 0
1774074638328 66.8699951171875 0
1774075084033 66.94999694824219 0
1774075528750 67.58999633789062 0
1774075973991 67.58999633789062 0
1774076418794 67.58999633789062 0
1774076863549 67.58999633789062 0
1774077308754 67.63999938964844 0
1774077752784 68.00999450683594 0
1774078200192 68.3699951171875 0
1774078644097 68.47999572753906 0
1774079090267 68.47999572753906 0
1774079534865 68.47999572753906 0
1774079979412 68.47999572753906 0
1774080424167 68.5199966430664 0
1774080865838 68.54000091552734 0
1774081311035 68.55999755859375 0
1774081754805 68.55999755859375 0
1774082201822 68.55999755859375 0
1774082645197 68.55999755859375 0
1774083090468 68.75 0
1774083535286 68.75 0
1774083979157 68.75 0
1774084423195 68.7699966430664 0
1774084867575 68.7699966430664 0
1774085313188 68.83999633789062 0
1774085756924 68.83999633789062 0
1774086203865 68.83999633789062 0
1774086647703 68.83999633789062 0
1774087092959 68.83999633789062 0
1774087537796 68.83999633789062 0
1774087982192 68.98999786376953 0
1774088427155 68.98999786376953 0
1774088871461 68.98999786376953 0
1774089316771 69.02999877929688 0
1774089760491 69.02999877929688 0
1774090207857 69.02999877929688 0
1774090651780 69.02999877929688 0
1774091096874 69.02999877929688 0
1774091541615 69.06999969482422 0
1774091985800 69.06999969482422 0
1774092430065 69.06999969482422 0
1774092873944 69.06999969482422 0
1774093319302 69.06999969482422 0
1774093762858 69.06999969482422 0
1774094210712 69.06999969482422 0
1774094654593 69.06999969482422 0
1774095099532 69.06999969482422 0
1774095544896 69.06999969482422 0
1774095989309 69.06999969482422 0
1774096433795 69.06999969482422 0
1774096877953 69.06999969482422 0
1774097323700 69.06999969482422 0
1774097767157 69.06999969482422 0
1774098214257 69.06999969482422 0
1774098658288 69.0999984741211 0
1774099103473 69.0999984741211 0
1774099547947 69.0999984741211 0
1774099992226 69.0999984741211 0
1774100436732 69.0999984741211 0
1774100880883 69.0999984741211 0
1774101326493 69.0999984741211 0
1774101769682 69.0999984741211 0
1774102216232 69.0999984741211 0
1774102660079 69.0999984741211 0
1774103105136 69.0999984741211 0
1774103550049 69.0999984741211 0
1774103995613 69.0999984741211 0
1774104440395 69.0999984741211 0
1774104884745 69.0999984741211 0
1774105331267 69.0999984741211 0
1774105775518 69.0999984741211 0
1774106222242 69.0999984741211 0
1774106666591 69.0999984741211 0
1774107111180 69.0999984741211 0
1774107555409 69.0999984741211 0
1774107999852 69.0999984741211 0
1774108444259 69.0999984741211 0
1774108888542 69.0999984741211 0
1774109334353 69.0999984741211 0
1774109777951 69.0999984741211 0
1774110224647 69.0999984741211 0
1774110669030 69.0999984741211 0
1774111113442 69.0999984741211 0
1774111558012 69.0999984741211 0
1774112002080 69.0999984741211 0
1774112446403 69.0999984741211 0
1774112890757 69.0999984741211 0
1774113336878 69.0999984741211 0
1774113780620 69.0999984741211 0
1774114226839 69.0999984741211 0
1774114671692 69.0999984741211 0
1774115116185 69.0999984741211 0
1774115560632 69.0999984741211 0
1774116004980 69.0999984741211 0
1774116449368 69.0999984741211 0
1774116893878 69.0999984741211 0
1774117340040 69.0999984741211 0
1774117783389 69.0999984741211 0
1774118231239 69.0999984741211 0
1774118676203 69.0999984741211 0
1774119120700 69.0999984741211 0
1774119565280 69.0999984741211 0
1774120009822 69.0999984741211 0
1774120454439 69.0999984741211 0
1774120898415 69.0999984741211 0
1774121344812 69.0999984741211 0
1774121788311 69.0999984741211 0
1774122234620 69.0999984741211 0
1774122679176 69.0999984741211 0
1774123123785 69.0999984741211 0
1774123568737 69.0999984741211 0
1774124013444 69.0999984741211 0
1774124458020 69.0999984741211 0
1774124902542 69.0999984741211 0
1774125348793 69.0999984741211 0
1774125792126 69.0999984741211 0
1774126238304 69.0999984741211 0
1774126682502 69.0999984741211 0
1774127126609 69.0999984741211 0
1774127570923 69.0999984741211 0
1774128015096 69.0999984741211 0
1774128459181 69.0999984741211 0
1774128903202 69.0999984741211 0
1774129349200 69.0999984741211 0
1774129792050 69.0999984741211 0
1774130237979 69.0999984741211 0
1774130682234 69.0999984741211 0
1774131126414 69.0999984741211 0
1774131570717 69.0999984741211 0
1774132014583 69.0999984741211 0
1774132458817 69.0999984741211 0
1774132902585 69.0999984741211 0
1774133348928 69.0999984741211 0
1774133792098 69.0999984741211 0
1774134238143 69.0999984741211 0
1774134682454 69.0999984741211 0
1774135126790 69.0999984741211 0
1774135571231 69.0999984741211 0
1774136015165 69.0999984741211 0
1774136459661 69.0999984741211 0
1774136903601 69.0999984741211 0
1774137350122 69.0999984741211 0
1774137792779 69.0999984741211 0
1774138238087 69.0999984741211 0
1774138682287 69.0999984741211 0
1774139126522 69.0999984741211 0
1774139570762 69.0999984741211 0
1774140015034 69.0999984741211 0
1774140459625 69.0999984741211 0
1774140903601 69.0999984741211 0
1774141350327 69.0999984741211 0
1774141793127 69.0999984741211 0
1774142238559 69.0999984741211 0
1774142682877 69.0999984741211 0
1774143127233 69.0999984741211 0
1774143571642 69.0999984741211 0
1774144015956 69.0999984741211 0
1774144460598 69.0999984741211 0
1774144904114 69.0999984741211 0
1774145350846 69.0999984741211 0
1774145793666 69.0999984741211 0
1774146239327 69.0999984741211 0
1774146683499 69.0999984741211 0
1774147127686 69.0999984741211 0
1774147571824 69.0999984741211 0
1774148015563 69.0999984741211 0
1774148460365 69.0999984741211 0
1774148903846 69.0999984741211 0
1774149350533 69.0999984741211 0
1774149793175 69.0999984741211 0
