1774062352217 8.19169722076416 1
1774062685646 8.474686049804687 2
1774063020498 8.17857676498413 3
1774063352503 7.733163154449463 4
1774063687334 7.305232592468261 5
1774064019436 6.929958557434082 6
1774064354310 6.53888134185791 7
1774064686558 6.218028887329101 8
1774065021526 5.8459007109069825 9
1774065355200 5.558623399353027 10
1774065689338 5.264742974853515 11
1774066135750 5.027096864318848 12
1774066580550 4.769176541442871 13
1774067026719 4.532980517272949 14
1774067472738 4.354054453125 15
1774067921249 4.131107488555908 16
1774068367783 3.9575683732604983 17
1774068812683 3.798765941619873 18
1774069258407 3.6107072131347655 19
1774069702035 3.496017187652588 20
1774070150487 3.321770237350464 21
1774070595538 3.2491389556884767 22
1774071041462 3.04542705909729 23
1774071486802 2.458776421813965 24
1774071931573 2.333033917160034 25
1774072376250 2.2860298329925537 26
1774072820952 2.125576188735962 27
1774073267325 2.120241609954834 28
1774073710581 2.046199931640625 29
1774074157925 2.0118612059020995 30
1774074602350 1.6749869383239746 31
1774075047476 1.619200556602478 32
1774075492072 1.5793687410736084 33
1774075937265 1.5500524212265014 34
1774076382132 1.5133299337387085 35
1774076826905 1.5030960640716553 36
1774077272859 1.446950442276001 37
1774077716635 1.3410642177581786 38
1774078163635 1.2649497102355958 39
1774078608131 1.2543703609657288 40
1774079053514 1.2406883234786987 41
1774079498277 1.2111804896354674 42
1774079942811 1.1955868130493164 43
1774080387474 1.1390010419464112 44
1774080829320 1.1291672369003296 45
1774081275215 1.122526914577484 46
1774081718551 1.0923244658279418 47
1774082165181 1.1061180385017395 48
1774082609286 1.0795654236602783 49
1774083053795 1.0405225199508668 50
1774083498718 1.052716993408203 51
1774083942615 1.0422222335624696 52
1774084386785 1.0611853275299072 53
1774084830920 1.0162548529052735 54
1774085277358 1.0314127851867676 55
1774085720773 1.0001871174430847 56
1774086167325 1.020559856853485 57
1774086611753 1.0208283812713623 58
1774087056360 1.0012551909828187 59
1774087501119 0.9893518016052246 60
1774087945487 0.9846098620986938 61
1774088390431 0.9818578831100464 62
1774088834810 0.9717494640350341 63
1774089280905 0.9688750831985473 64
1774089724705 0.978761583223343 65
1774090171258 0.9738116192436218 66
1774090615965 1.0004879947662353 67
1774091060246 0.9714582635879516 68
1774091504947 0.9790917047119141 69
1774091949231 0.9632725552940369 70
1774092393581 0.9779712358474731 71
1774092837522 0.9677504721069335 72
1774093283438 0.9890285977554322 73
1774093727154 0.974245312538147 74
1774094174083 0.965457916469574 75
1774094618667 0.9981754579925537 76
1774095062871 0.9633587969970703 77
1774095508078 0.9589308092117309 78
1774095952840 0.9767037390136719 79
1774096397223 0.9707301882266999 80
1774096841445 0.958922254371643 81
1774097287848 0.978414146194458 82
1774097731311 0.9900702886581421 83
1774098177641 0.9719701913642883 84
1774098622150 0.9814623725700379 85
1774099066777 0.9532531665802002 86
1774099511469 0.9757111516952515 87
1774099955662 0.9736297945404053 88
1774100400334 0.973490051612854 89
1774100844321 0.9515106213378907 90
1774101290767 0.9416445358848572 91
1774101733811 0.9811867152786254 92
1774102179903 0.9711373090171814 93
1774102623938 0.9510569898605347 94
1774103068496 0.9485001284027099 95
1774103513410 0.9829033182525635 96
1774103958828 0.9996746464157105 97
1774104403915 0.9453537290382386 98
1774104848185 0.9759961377525329 99
1774105295301 0.9640482778930664 100
1774105739549 0.9533286686754227 101
1774106185683 0.9496511280059814 102
1774106630270 0.9810080407810211 103
1774107074653 0.958690185508728 104
1774107518982 0.9824115732574463 105
1774107963334 0.9846304689407349 106
1774108407768 0.9856730070304871 107
1774108851894 0.9425171423912049 108
1774109298505 0.9654499733734131 109
1774109741956 0.9620384900283814 110
1774110188147 0.9663369598960877 111
1774110632550 0.972696550064087 112
1774111076823 0.9497546176910401 113
1774111521430 0.9412603830528259 114
1774111965729 0.963858186454773 115
1774112409986 0.9600278741836548 116
1774112854133 0.973157000656128 117
1774113300913 0.9603452264404296 118
1774113744767 0.9864876558113098 119
1774114190274 0.9920173587036133 120
1774114635049 0.9686172546195984 121
1774115079684 0.9582359107589722 122
1774115524037 0.983673053855896 123
1774115968313 0.948904255490303 124
1774116413027 0.9424751132678986 125
1774116857270 0.9812316324996948 126
1774117304077 0.981521316871643 127
1774117747658 0.959240624961853 128
1774118194492 0.9684285122871399 129
1774118639588 0.9788243934249878 130
1774119084162 0.9528134811210632 131
1774119528747 0.9608672288894653 132
1774119973268 0.974489019241333 133
1774120418227 0.9647248950195313 134
1774120861897 0.9408519454193115 135
1774121308868 0.9612295970153809 136
1774121752422 0.9620497393798828 137
1774122198081 0.9521931574821472 138
1774122642569 0.9671369840049744 139
1774123087037 0.9757917302703858 140
1774123532081 0.9668824333572388 141
1774123976875 0.9632714223480224 142
1774124421898 1.000677734413147 143
1774124865967 0.9917894177246094 144
1774125312951 0.9541209423446655 145
1774125756412 0.9718404417419434 146
1774126201854 0.9503665314102173 147
1774126646130 0.9566007034206391 148
1774127090090 0.9767637985610962 149
1774127534417 0.9529033377456665 150
1774127978667 0.9732503937530518 151
1774128423353 1.0103462530899048 152
1774128866768 0.9651017446899414 153
1774129313469 0.9661410928153992 154
1774129756352 0.9816267262840271 155
1774130201624 0.9510900270462036 156
1774130645822 0.967715525894165 157
1774131089972 0.9813825090789795 158
1774131534240 0.9792985010528564 159
1774131978185 0.971237861289978 160
1774132422982 0.9537456819534301 161
1774132866129 0.9602544339752197 162
1774133312848 0.9741921762084961 163
1774133756290 0.9700774967956542 164
1774134201656 0.977426005115509 165
1774134645993 0.9786471562194824 166
1774135090252 0.9721771772003174 167
1774135534689 0.9583379755973815 168
1774135978727 0.9834242527008057 169
1774136423744 0.950578211812973 170
1774136867116 0.9905880247306824 171
1774137313873 0.9829891832923889 172
1774137757195 0.9535931466388703 173
1774138201688 0.9684018229579926 174
1774138645861 0.9747455666732788 175
1774139089979 0.9938035193252563 176
1774139534314 0.9917304997253418 177
1774139978544 0.9627478877067566 178
1774140423808 0.9663223979568482 179
1774140867032 0.9836501343154908 180
1774141313939 0.9658077559661865 181
1774141757475 0.9814126175880432 182
1774142202061 0.9716553333663941 183
1774142646372 0.9677566830825806 184
1774143090696 0.9730673226356507 185
1774143535151 0.945588065109253 186
1774143979460 0.9875817272758484 187
1774144424800 0.9485790902900696 188
1774144867722 0.9745229933547974 189
1774145314458 0.9511205330085755 190
1774145757952 0.9670161309051514 191
1774146202868 0.9571214308738708 192
1774146646975 0.9698238888549805 193
1774147091121 0.9337836502456665 194
1774147535400 0.9598268403053284 195
1774147979243 0.9837797173309326 196
1774148424627 0.9622019124794007 197
1774148867398 0.9796880616760254 198
1774149314127 0.976761787185669 199
1774149757563 0.9665417609596253 200
