1774062378685 0.001 1
1774062712852 0.001 2
1774063047620 0.001 3
1774063379713 0.001 4
1774063714522 0.001 5
1774064046566 0.001 6
1774064381519 0.001 7
1774064713704 0.001 8
1774065048737 0.001 9
1774065381654 0.001 10
1774065725097 0.001 11
1774066172566 0.001 12
1774066616847 0.001 13
1774067063761 0.001 14
1774067509844 0.001 15
1774067958593 0.001 16
1774068404623 0.001 17
1774068849317 0.001 18
1774069294472 0.001 19
1774069738819 0.001 20
1774070187331 0.001 21
1774070631807 0.001 22
1774071078331 0.0005 23
1774071523691 0.0005 24
1774071968308 0.0005 25
1774072413120 0.0005 26
1774072857844 0.0005 27
1774073303307 0.0005 28
1774073747180 0.0005 29
1774074194570 0.00025 30
1774074638500 0.00025 31
1774075084208 0.00025 32
1774075528887 0.00025 33
1774075973993 0.00025 34
1774076418795 0.00025 35
1774076863551 0.00025 36
1774077308996 0.000125 37
1774077753011 0.000125 38
1774078200427 0.000125 39
1774078644285 0.000125 40
1774079090269 0.000125 41
1774079534866 0.000125 42
1774079979413 6.25e-05 43
1774080424300 6.25e-05 44
1774080866083 6.25e-05 45
1774081311230 6.25e-05 46
1774081754807 6.25e-05 47
1774082201824 6.25e-05 48
1774082645198 3.125e-05 49
1774083090737 3.125e-05 50
1774083535287 3.125e-05 51
1774083979159 3.125e-05 52
1774084423357 3.125e-05 53
1774084867577 3.125e-05 54
1774085313349 1.5625e-05 55
1774085756925 1.5625e-05 56
1774086203867 1.5625e-05 57
1774086647704 1.5625e-05 58
1774087092960 1.5625e-05 59
1774087537797 1.5625e-05 60
1774087982368 7.8125e-06 61
1774088427157 7.8125e-06 62
1774088871462 7.8125e-06 63
1774089317021 7.8125e-06 64
1774089760493 7.8125e-06 65
1774090207857 7.8125e-06 66
1774090651782 3.90625e-06 67
1774091096876 3.90625e-06 68
1774091541866 3.90625e-06 69
1774091985802 3.90625e-06 70
1774092430066 3.90625e-06 71
1774092873945 3.90625e-06 72
1774093319305 1.953125e-06 73
1774093762860 1.953125e-06 74
1774094210713 1.953125e-06 75
1774094654595 1.953125e-06 76
1774095099533 1.953125e-06 77
1774095544897 1.953125e-06 78
1774095989311 9.765625e-07 79
1774096433796 9.765625e-07 80
1774096877955 9.765625e-07 81
1774097323701 9.765625e-07 82
1774097767158 9.765625e-07 83
1774098214259 9.765625e-07 84
1774098658524 4.8828125e-07 85
1774099103474 4.8828125e-07 86
1774099547948 4.8828125e-07 87
1774099992227 4.8828125e-07 88
1774100436733 4.8828125e-07 89
1774100880884 4.8828125e-07 90
1774101326494 2.44140625e-07 91
1774101769683 2.44140625e-07 92
1774102216234 2.44140625e-07 93
1774102660080 2.44140625e-07 94
1774103105137 2.44140625e-07 95
1774103550050 2.44140625e-07 96
1774103995614 1.220703125e-07 97
1774104440396 1.220703125e-07 98
1774104884747 1.220703125e-07 99
1774105331268 1.220703125e-07 100
1774105775519 1.220703125e-07 101
1774106222243 1.220703125e-07 102
1774106666592 6.103515625e-08 103
1774107111181 6.103515625e-08 104
1774107555410 6.103515625e-08 105
1774107999853 6.103515625e-08 106
1774108444261 6.103515625e-08 107
1774108888544 6.103515625e-08 108
1774109334354 3.0517578125e-08 109
1774109777952 3.0517578125e-08 110
1774110224649 3.0517578125e-08 111
1774110669032 3.0517578125e-08 112
1774111113443 3.0517578125e-08 113
1774111558014 3.0517578125e-08 114
1774112002081 1.52587890625e-08 115
1774112446405 1.52587890625e-08 116
1774112890759 1.52587890625e-08 117
1774113336879 1.52587890625e-08 118
1774113780621 1.52587890625e-08 119
1774114226840 1.52587890625e-08 120
1774114671693 1.52587890625e-08 121
1774115116186 1.52587890625e-08 122
1774115560633 1.52587890625e-08 123
1774116004982 1.52587890625e-08 124
1774116449369 1.52587890625e-08 125
1774116893879 1.52587890625e-08 126
1774117340042 1.52587890625e-08 127
1774117783391 1.52587890625e-08 128
1774118231241 1.52587890625e-08 129
1774118676204 1.52587890625e-08 130
1774119120701 1.52587890625e-08 131
1774119565281 1.52587890625e-08 132
1774120009823 1.52587890625e-08 133
1774120454440 1.52587890625e-08 134
1774120898416 1.52587890625e-08 135
1774121344813 1.52587890625e-08 136
1774121788312 1.52587890625e-08 137
1774122234621 1.52587890625e-08 138
1774122679177 1.52587890625e-08 139
1774123123786 1.52587890625e-08 140
1774123568739 1.52587890625e-08 141
1774124013445 1.52587890625e-08 142
1774124458021 1.52587890625e-08 143
1774124902543 1.52587890625e-08 144
1774125348794 1.52587890625e-08 145
1774125792127 1.52587890625e-08 146
1774126238306 1.52587890625e-08 147
1774126682503 1.52587890625e-08 148
1774127126610 1.52587890625e-08 149
1774127570924 1.52587890625e-08 150
1774128015098 1.52587890625e-08 151
1774128459182 1.52587890625e-08 152
1774128903204 1.52587890625e-08 153
1774129349202 1.52587890625e-08 154
1774129792052 1.52587890625e-08 155
1774130237981 1.52587890625e-08 156
1774130682236 1.52587890625e-08 157
1774131126415 1.52587890625e-08 158
1774131570718 1.52587890625e-08 159
1774132014585 1.52587890625e-08 160
1774132458819 1.52587890625e-08 161
1774132902587 1.52587890625e-08 162
1774133348930 1.52587890625e-08 163
1774133792099 1.52587890625e-08 164
1774134238144 1.52587890625e-08 165
1774134682455 1.52587890625e-08 166
1774135126791 1.52587890625e-08 167
1774135571232 1.52587890625e-08 168
1774136015166 1.52587890625e-08 169
1774136459663 1.52587890625e-08 170
1774136903603 1.52587890625e-08 171
1774137350123 1.52587890625e-08 172
1774137792780 1.52587890625e-08 173
1774138238089 1.52587890625e-08 174
1774138682289 1.52587890625e-08 175
1774139126523 1.52587890625e-08 176
1774139570764 1.52587890625e-08 177
1774140015035 1.52587890625e-08 178
1774140459640 1.52587890625e-08 179
1774140903602 1.52587890625e-08 180
1774141350328 1.52587890625e-08 181
1774141793128 1.52587890625e-08 182
1774142238560 1.52587890625e-08 183
1774142682878 1.52587890625e-08 184
1774143127234 1.52587890625e-08 185
1774143571644 1.52587890625e-08 186
1774144015957 1.52587890625e-08 187
1774144460600 1.52587890625e-08 188
1774144904115 1.52587890625e-08 189
1774145350848 1.52587890625e-08 190
1774145793668 1.52587890625e-08 191
1774146239328 1.52587890625e-08 192
1774146683500 1.52587890625e-08 193
1774147127687 1.52587890625e-08 194
1774147571825 1.52587890625e-08 195
1774148015564 1.52587890625e-08 196
1774148460367 1.52587890625e-08 197
1774148903847 1.52587890625e-08 198
1774149350534 1.52587890625e-08 199
1774149793176 1.52587890625e-08 200
